,Name,Runs,Dismissal,Pos,Opposition,Ave,RunTally,DisTally,Date,Out,rolling10,rolling20,rolling30,rolling40,rolling50,rolling70,rolling100
0,A Ranatunga,54,bowled,6,England,54.0,54,1,1982,1,,,,,,,
1,A Ranatunga,2,caught,6,England,28.0,56,2,1982,1,,,,,,,
2,A Ranatunga,13,stumped,7,Pakistan,23.0,69,3,1982,1,,,,,,,
3,A Ranatunga,33,caught,6,Pakistan,25.5,102,4,1982,1,,,,,,,
4,A Ranatunga,0,bowled,6,Pakistan,20.4,102,5,1982,1,,,,,,,
5,A Ranatunga,2,caught,6,Pakistan,17.33,104,6,1982,1,,,,,,,
6,A Ranatunga,25,caught,5,India,18.43,129,7,1982,1,,,,,,,
7,A Ranatunga,15,caught,5,India,18.0,144,8,1982,1,,,,,,,
8,A Ranatunga,90,caught,6,Australia,26.0,234,9,1983,1,,,,,,,
9,A Ranatunga,32,bowled,7,Australia,26.6,266,10,1983,1,26.6,,,,,,
10,A Ranatunga,20,caught,7,New Zealand,26.0,286,11,1984,1,23.2,,,,,,
11,A Ranatunga,51,caught,6,New Zealand,28.08,337,12,1984,1,28.1,,,,,,
12,A Ranatunga,6,caught,7,New Zealand,26.38,343,13,1984,1,27.4,,,,,,
13,A Ranatunga,7,run out,8,New Zealand,25.0,350,14,1984,1,24.8,,,,,,
14,A Ranatunga,37,caught,7,New Zealand,25.8,387,15,1984,1,28.5,,,,,,
15,A Ranatunga,50,caught,4,New Zealand,27.31,437,16,1984,1,33.3,,,,,,
16,A Ranatunga,84,bowled,5,England,30.65,521,17,1984,1,39.2,,,,,,
17,A Ranatunga,0,lbw,5,England,28.94,521,18,1984,1,37.7,,,,,,
18,A Ranatunga,111,bowled,6,India,33.26,632,19,1985,1,39.8,,,,,,
19,A Ranatunga,15,run out,4,India,32.35,647,20,1985,1,38.1,32.35,,,,,
20,A Ranatunga,21,lbw,6,India,31.81,668,21,1985,1,38.2,30.7,,,,,
21,A Ranatunga,38,caught,6,India,32.09,706,22,1985,1,36.9,32.5,,,,,
22,A Ranatunga,0,bowled,6,India,30.7,706,23,1985,1,36.3,31.85,,,,,
23,A Ranatunga,79,caught,6,Pakistan,32.71,785,24,1985,1,43.5,34.15,,,,,
24,A Ranatunga,25,not out,6,Pakistan,33.75,810,24,1985,0,47.0,37.26,,,,,
25,A Ranatunga,28,caught,6,Pakistan,33.52,838,25,1985,1,44.56,38.63,,,,,
26,A Ranatunga,12,caught,6,Pakistan,32.69,850,26,1985,1,36.56,37.95,,,,,
27,A Ranatunga,25,caught,5,Pakistan,32.41,875,27,1985,1,39.33,38.47,,,,,
28,A Ranatunga,18,bowled,6,Pakistan,31.89,893,28,1986,1,29.0,34.68,,,,,
29,A Ranatunga,33,stumped,6,Pakistan,31.93,926,29,1986,1,31.0,34.74,31.93,,,,
30,A Ranatunga,77,caught,5,Pakistan,33.43,1003,30,1986,1,37.22,37.74,32.72,,,,
31,A Ranatunga,53,caught,4,Pakistan,34.06,1056,31,1986,1,38.89,37.84,34.48,,,,
32,A Ranatunga,135,not out,5,Pakistan,38.42,1191,31,1986,0,60.62,47.11,40.07,,,,
33,A Ranatunga,52,lbw,7,India,38.84,1243,32,1986,1,57.25,49.61,40.75,,,,
34,A Ranatunga,59,caught,6,India,39.45,1302,33,1986,1,54.67,50.83,42.86,,,,
35,A Ranatunga,5,caught,7,India,38.44,1307,34,1986,1,52.11,48.33,42.96,,,,
36,A Ranatunga,30,lbw,6,India,38.2,1337,35,1987,1,54.11,45.33,43.14,,,,
37,A Ranatunga,2,lbw,6,India,37.19,1339,36,1987,1,51.56,45.44,42.68,,,,
38,A Ranatunga,15,caught,5,New Zealand,36.59,1354,37,1987,1,51.22,40.11,40.0,,,,
39,A Ranatunga,55,caught,5,Australia,37.08,1409,38,1988,1,53.67,42.33,40.82,37.08,,,
40,A Ranatunga,45,lbw,5,Australia,37.28,1454,39,1988,1,50.11,43.67,41.71,36.84,,,
41,A Ranatunga,5,lbw,6,England,36.48,1459,40,1988,1,44.78,41.83,40.07,36.92,,,
42,A Ranatunga,78,bowled,6,England,37.49,1537,41,1988,1,34.6,46.17,42.64,38.63,,,
43,A Ranatunga,25,lbw,6,Australia,37.19,1562,42,1989,1,31.9,43.17,43.29,38.42,,,
44,A Ranatunga,21,caught,6,Australia,36.81,1583,43,1989,1,28.1,40.68,42.71,38.97,,,
45,A Ranatunga,38,caught,5,Australia,36.84,1621,44,1989,1,31.4,41.21,42.29,39.92,,,
46,A Ranatunga,1,bowled,5,India,36.04,1622,45,1990,1,28.5,40.63,39.32,39.29,,,
47,A Ranatunga,42,caught,5,India,36.17,1664,46,1990,1,32.5,41.53,40.82,40.0,,,
48,A Ranatunga,55,other,5,New Zealand,36.57,1719,47,1991,1,36.5,43.47,38.82,39.08,,,
49,A Ranatunga,21,caught,8,New Zealand,36.25,1740,48,1991,1,33.1,42.84,39.04,38.79,36.25,,
50,A Ranatunga,20,not out,7,New Zealand,36.67,1760,48,1991,0,34.0,42.06,40.44,39.84,36.3,,
51,A Ranatunga,34,caught,5,New Zealand,36.61,1794,49,1991,1,37.22,41.0,40.3,39.38,36.98,,
52,A Ranatunga,30,caught,5,New Zealand,36.48,1824,50,1991,1,31.89,33.32,41.41,40.03,37.34,,
53,A Ranatunga,0,lbw,5,Pakistan,35.76,1824,51,1991,1,29.11,30.58,38.48,39.84,36.64,,
54,A Ranatunga,0,caught,5,Pakistan,35.08,1824,52,1991,1,26.78,27.47,36.21,38.84,36.64,,
55,A Ranatunga,0,lbw,5,Pakistan,34.42,1824,53,1992,1,22.56,27.21,35.21,37.49,36.6,,
56,A Ranatunga,6,caught,8,Pakistan,33.89,1830,54,1992,1,23.11,25.95,35.0,35.38,36.19,,
57,A Ranatunga,127,caught,5,Australia,35.58,1957,55,1992,1,32.56,32.53,38.64,38.81,38.57,,
58,A Ranatunga,0,caught,5,Australia,34.95,1957,56,1992,1,26.44,31.74,38.0,35.81,36.66,,
59,A Ranatunga,18,caught,5,Australia,34.65,1975,57,1992,1,26.11,29.79,37.46,35.89,36.36,,
60,A Ranatunga,48,caught,6,Australia,34.88,2023,58,1992,1,26.3,29.95,36.43,36.62,36.96,,
61,A Ranatunga,3,caught,6,New Zealand,34.34,2026,59,1992,1,23.2,29.84,34.64,35.68,35.94,,
62,A Ranatunga,76,caught,5,New Zealand,35.03,2102,60,1992,1,27.8,29.74,31.41,37.73,37.43,,
63,A Ranatunga,64,caught,5,England,35.51,2166,61,1993,1,34.2,31.79,31.83,37.32,38.64,,
64,A Ranatunga,35,caught,5,England,35.5,2201,62,1993,1,37.7,32.53,31.0,36.61,38.6,,
65,A Ranatunga,7,not out,5,India,35.61,2208,62,1993,0,42.67,32.61,32.18,37.03,38.5,,
66,A Ranatunga,88,caught,5,India,36.44,2296,63,1993,1,51.78,37.44,34.25,39.08,38.59,,
67,A Ranatunga,14,caught,5,India,36.09,2310,64,1993,1,39.22,35.89,34.68,38.78,38.89,,
68,A Ranatunga,9,caught,5,India,35.68,2319,65,1993,1,40.22,33.33,34.46,38.54,36.67,,
69,A Ranatunga,13,caught,5,India,35.33,2332,66,1993,1,39.67,32.89,32.96,38.0,36.63,35.33,
70,A Ranatunga,44,caught,5,South Africa,35.46,2376,67,1993,1,39.22,32.42,32.93,37.11,37.13,35.18,
71,A Ranatunga,131,bowled,6,South Africa,36.87,2507,68,1993,1,53.44,37.53,37.43,39.22,39.15,37.14,
72,A Ranatunga,11,caught,5,South Africa,36.49,2518,69,1993,1,46.22,36.53,35.04,34.92,39.39,37.11,
73,A Ranatunga,14,caught,6,South Africa,36.17,2532,70,1993,1,40.67,37.26,34.64,33.92,37.98,36.82,
74,A Ranatunga,50,caught,5,South Africa,36.37,2582,71,1993,1,42.33,39.89,35.68,33.68,37.7,37.58,
75,A Ranatunga,31,caught,5,West Indies,36.29,2613,72,1993,1,40.5,41.53,35.43,34.37,37.77,38.02,
76,A Ranatunga,9,caught,5,India,35.92,2622,73,1994,1,32.6,41.68,35.71,33.82,37.7,37.77,
77,A Ranatunga,0,caught,5,India,35.43,2622,74,1994,1,31.2,35.0,34.21,33.76,37.17,37.55,
78,A Ranatunga,26,lbw,4,India,35.31,2648,75,1994,1,32.9,36.37,33.18,34.05,37.34,36.58,
79,A Ranatunga,28,caught,5,India,35.21,2676,76,1994,1,34.4,36.89,33.43,33.34,37.23,36.52,
80,A Ranatunga,15,caught,5,India,34.95,2691,77,1994,1,31.5,35.16,32.1,32.55,35.91,36.44,
81,A Ranatunga,29,caught,5,India,34.87,2720,78,1994,1,21.3,36.53,31.93,33.18,35.4,36.11,
82,A Ranatunga,9,caught,5,Pakistan,34.54,2729,79,1994,1,21.1,33.0,31.21,31.37,32.04,36.15,
83,A Ranatunga,41,stumped,6,Pakistan,34.62,2770,80,1994,1,23.8,31.79,32.62,31.79,31.81,36.67,
84,A Ranatunga,0,caught,5,Pakistan,34.2,2770,81,1994,1,18.8,29.95,32.62,31.24,30.58,36.11,
85,A Ranatunga,34,caught,6,Pakistan,34.2,2804,82,1994,1,19.1,29.8,33.79,31.13,31.19,35.86,
86,A Ranatunga,62,caught,5,Zimbabwe,34.53,2866,83,1994,1,24.4,28.5,35.72,32.74,31.85,35.53,
87,A Ranatunga,34,caught,5,Zimbabwe,34.52,2900,84,1994,1,27.8,29.5,32.52,32.53,32.52,36.05,
88,A Ranatunga,39,caught,6,Zimbabwe,34.58,2939,85,1994,1,29.1,31.0,33.86,32.11,33.02,34.95,
89,A Ranatunga,22,not out,5,Zimbabwe,34.84,2961,85,1994,0,31.67,33.11,35.21,33.0,33.02,35.6,
90,A Ranatunga,55,caught,6,New Zealand,35.07,3016,86,1995,1,36.11,33.68,35.46,33.05,33.23,36.12,
91,A Ranatunga,28,bowled,6,New Zealand,34.99,3044,87,1995,1,36.0,28.26,36.36,32.89,33.72,35.97,
92,A Ranatunga,0,caught,5,New Zealand,34.59,3044,88,1995,1,35.0,27.68,33.64,32.11,32.06,35.97,
93,A Ranatunga,90,caught,6,New Zealand,35.21,3134,89,1995,1,40.44,31.68,34.57,34.47,33.45,36.14,
94,A Ranatunga,8,lbw,5,Pakistan,34.91,3142,90,1995,1,41.33,29.47,33.61,34.68,33.17,35.33,
95,A Ranatunga,76,caught,5,Pakistan,35.36,3218,91,1995,1,46.0,31.84,34.83,36.68,33.98,36.06,
96,A Ranatunga,0,caught,5,Pakistan,34.98,3218,92,1995,1,39.11,31.37,31.79,36.53,33.96,35.88,
97,A Ranatunga,2,caught,6,Pakistan,34.62,3220,93,1995,1,35.56,31.47,31.38,33.24,33.11,35.53,
98,A Ranatunga,24,bowled,5,Pakistan,34.51,3244,94,1995,1,33.89,31.37,31.9,33.87,32.45,35.62,
99,A Ranatunga,87,caught,5,Pakistan,35.06,3331,95,1995,1,37.0,34.47,34.45,35.68,33.85,36.44,35.06
100,A Ranatunga,32,caught,5,Australia,35.03,3363,96,1995,1,34.7,35.37,34.03,35.26,33.4,35.76,34.83
101,A Ranatunga,46,bowled,5,Australia,35.14,3409,97,1995,1,36.5,36.26,31.1,36.39,33.65,35.65,35.29
102,A Ranatunga,51,caught,5,Australia,35.31,3460,98,1995,1,41.6,38.47,32.48,35.74,34.08,33.87,35.69
103,A Ranatunga,11,not out,7,Australia,35.42,3471,98,1995,0,37.44,38.94,33.54,35.27,35.04,33.76,35.84
104,A Ranatunga,75,lbw,6,Zimbabwe,35.82,3546,99,1996,1,44.89,43.11,34.43,36.35,36.64,34.0,36.64
105,A Ranatunga,6,caught,5,Zimbabwe,35.52,3552,100,1996,1,37.11,41.56,33.54,35.37,36.77,34.02,36.68
106,A Ranatunga,14,caught,5,New Zealand,35.31,3566,101,1997,1,38.67,38.89,33.71,33.42,36.94,33.77,36.56
107,A Ranatunga,13,caught,5,New Zealand,35.09,3579,102,1997,1,39.89,37.72,34.18,33.39,34.51,33.94,36.54
108,A Ranatunga,4,lbw,5,New Zealand,34.79,3583,103,1997,1,37.67,35.78,33.39,33.26,34.6,33.77,35.63
109,A Ranatunga,33,caught,6,New Zealand,34.77,3616,104,1997,1,31.67,34.47,33.57,33.79,34.91,33.44,35.64
110,A Ranatunga,49,caught,5,Pakistan,34.9,3665,105,1997,1,33.56,34.16,34.79,33.92,34.94,33.5,35.95
111,A Ranatunga,58,caught,4,Pakistan,35.12,3723,106,1997,1,34.89,35.74,35.82,32.0,36.11,34.3,36.02
112,A Ranatunga,4,caught,5,Pakistan,34.83,3727,107,1997,1,29.67,35.95,35.64,31.82,34.57,33.18,36.0
113,A Ranatunga,66,stumped,5,Pakistan,35.12,3793,108,1997,1,32.2,34.68,36.54,33.18,34.62,33.8,36.63
114,A Ranatunga,42,run out,5,West Indies,35.18,3835,109,1997,1,28.9,36.47,38.04,32.97,34.77,34.12,36.68
115,A Ranatunga,13,caught,5,West Indies,34.98,3848,110,1997,1,29.6,33.16,37.29,32.5,34.17,33.74,36.29
116,A Ranatunga,13,caught,5,West Indies,34.78,3861,111,1997,1,29.5,33.84,35.54,32.61,32.6,33.92,35.53
117,A Ranatunga,72,not out,5,West Indies,35.43,3933,111,1997,0,39.33,39.61,38.26,35.43,34.53,34.91,36.69
118,A Ranatunga,86,run out,5,India,35.88,4019,112,1997,1,48.44,43.06,40.0,37.05,36.17,35.38,36.42
119,A Ranatunga,14,caught,5,India,35.69,4033,113,1997,1,46.33,39.0,38.29,36.68,36.19,35.28,36.41
120,A Ranatunga,1,run out,5,India,35.39,4034,114,1997,1,41.0,37.28,36.36,36.3,35.28,34.45,36.19
121,A Ranatunga,30,caught,5,India,35.34,4064,115,1997,1,37.89,36.39,36.43,36.32,33.13,34.39,36.11
122,A Ranatunga,3,caught,5,India,35.06,4067,116,1997,1,37.78,33.72,36.54,36.16,32.96,33.98,36.14
123,A Ranatunga,1,caught,6,India,34.77,4068,117,1997,1,30.56,31.42,33.36,35.08,32.68,34.0,35.3
124,A Ranatunga,12,bowled,5,India,34.58,4080,118,1997,1,27.22,28.11,33.5,35.41,31.87,34.18,34.79
125,A Ranatunga,27,bowled,5,Zimbabwe,34.51,4107,119,1998,1,28.78,29.21,31.75,35.22,31.79,34.59,34.78
126,A Ranatunga,52,caught,5,Zimbabwe,34.66,4159,120,1998,1,33.11,31.21,33.61,34.95,32.7,35.29,35.2
127,A Ranatunga,87,not out,7,Zimbabwe,35.38,4246,120,1998,0,34.78,37.06,38.0,37.39,35.3,35.22,36.25
128,A Ranatunga,20,caught,5,South Africa,35.26,4266,121,1998,1,27.44,37.94,37.85,36.86,35.17,35.52,36.27
129,A Ranatunga,43,caught,5,South Africa,35.32,4309,122,1998,1,30.67,38.5,36.22,36.43,35.5,35.91,36.38
130,A Ranatunga,73,lbw,5,South Africa,35.63,4382,123,1998,1,38.67,39.83,37.74,36.92,36.76,36.29,36.33
131,A Ranatunga,0,caught,5,South Africa,35.34,4382,124,1998,1,35.33,36.61,36.04,36.16,36.13,36.25,35.76
132,A Ranatunga,49,bowled,5,New Zealand,35.45,4431,125,1998,1,40.44,39.11,35.96,37.49,37.0,35.83,34.47
133,A Ranatunga,9,caught,5,New Zealand,35.24,4440,126,1998,1,41.33,35.94,34.61,35.3,36.3,34.98,34.01
134,A Ranatunga,36,caught,5,New Zealand,35.24,4476,127,1998,1,44.0,35.61,33.21,36.05,37.09,35.0,33.77
135,A Ranatunga,4,run out,5,New Zealand,35.0,4480,128,1998,1,41.44,35.11,33.14,34.11,36.43,34.42,33.76
136,A Ranatunga,64,caught,5,New Zealand,35.22,4544,129,1998,1,42.78,37.94,34.93,35.84,36.48,34.06,34.12
137,A Ranatunga,51,lbw,5,England,35.35,4595,130,1998,1,34.9,34.84,36.29,37.16,36.85,34.62,34.64
138,A Ranatunga,66,caught,6,India,35.58,4661,131,1999,1,39.5,33.79,38.5,38.3,37.43,35.48,35.18
139,A Ranatunga,4,caught,6,Australia,35.34,4665,132,1999,1,35.6,33.26,37.46,36.05,36.26,35.35,34.64
140,A Ranatunga,19,not out,6,Australia,35.48,4684,132,1999,0,33.56,36.11,37.74,36.69,36.26,35.51,34.73
141,A Ranatunga,10,caught,6,Australia,35.29,4694,133,1999,1,34.67,35.0,35.96,35.69,35.87,33.65,34.78
142,A Ranatunga,1,not out,6,Australia,35.3,4695,133,1999,0,33.0,36.94,37.23,35.29,36.69,34.02,34.33
143,A Ranatunga,49,bowled,6,Pakistan,35.4,4744,134,2000,1,38.0,39.76,36.58,35.36,35.78,34.56,34.59
144,A Ranatunga,29,not out,6,Pakistan,35.62,4773,134,2000,0,42.43,43.31,37.52,35.06,37.07,34.78,35.05
145,A Ranatunga,6,run out,6,Pakistan,35.4,4779,135,2000,1,42.71,42.0,37.24,35.06,35.48,34.38,34.7
146,A Ranatunga,7,caught,6,Pakistan,35.19,4786,136,2000,1,34.57,39.19,37.0,34.86,35.64,34.35,34.77
147,A Ranatunga,51,run out,6,Pakistan,35.31,4837,137,2000,1,34.57,34.76,34.77,35.94,36.75,35.16,34.87
148,A Ranatunga,65,lbw,6,Pakistan,35.52,4902,138,2000,1,34.43,37.41,33.96,37.69,37.68,35.78,34.98
149,A Ranatunga,6,caught,6,Pakistan,35.31,4908,139,2000,1,34.71,35.24,33.65,36.91,35.84,35.43,34.81
150,A Ranatunga,13,caught,6,South Africa,35.15,4921,140,2000,1,29.62,31.71,34.12,35.89,35.41,35.4,34.36
151,A Ranatunga,54,lbw,6,South Africa,35.28,4975,141,2000,1,35.12,34.88,35.04,35.77,35.59,35.79,34.58
152,A Ranatunga,88,caught,6,South Africa,35.65,5063,142,2000,1,40.89,37.18,38.31,38.17,36.43,37.05,35.21
153,A Ranatunga,14,bowled,7,South Africa,35.5,5077,143,2000,1,37.0,37.47,38.81,36.69,35.69,36.62,35.36
154,A Ranatunga,28,not out,6,South Africa,35.7,5105,143,2000,0,36.89,39.31,41.0,37.35,35.43,37.66,36.05
