,Name,Runs,Dismissal,Pos,Opposition,Ave,RunTally,DisTally,Date,Out,rolling10,rolling20,rolling30,rolling40,rolling50,rolling70,rolling100
0,B Mitchell,88,bowled,2,England,88.0,88,1,1929,1,,,,,,,
1,B Mitchell,61,not out,2,England,149.0,149,1,1929,0,,,,,,,
2,B Mitchell,29,stumped,2,England,89.0,178,2,1929,1,,,,,,,
3,B Mitchell,22,caught,2,England,66.67,200,3,1929,1,,,,,,,
4,B Mitchell,22,bowled,3,England,55.5,222,4,1929,1,,,,,,,
5,B Mitchell,24,lbw,3,England,49.2,246,5,1929,1,,,,,,,
6,B Mitchell,1,caught,3,England,41.17,247,6,1929,1,,,,,,,
7,B Mitchell,2,bowled,3,England,35.57,249,7,1929,1,,,,,,,
8,B Mitchell,2,bowled,3,England,31.38,251,8,1929,1,,,,,,,
9,B Mitchell,6,caught,3,England,28.56,257,9,1930,1,28.56,,,,,,
10,B Mitchell,72,caught,3,England,32.9,329,10,1930,1,26.78,,,,,,
11,B Mitchell,123,bowled,1,England,41.09,452,11,1931,1,30.3,,,,,,
12,B Mitchell,5,caught,2,England,38.08,457,12,1931,1,27.9,,,,,,
13,B Mitchell,13,caught,3,England,36.15,470,13,1931,1,27.0,,,,,,
14,B Mitchell,68,lbw,3,England,38.43,538,14,1931,1,31.6,,,,,,
15,B Mitchell,74,caught,3,England,40.8,612,15,1931,1,36.6,,,,,,
16,B Mitchell,73,bowled,2,England,42.81,685,16,1931,1,43.8,,,,,,
17,B Mitchell,21,caught,2,England,41.53,706,17,1931,1,45.7,,,,,,
18,B Mitchell,58,run out,3,Australia,42.44,764,18,1931,1,51.3,,,,,,
19,B Mitchell,0,bowled,3,Australia,40.21,764,19,1931,1,50.7,40.21,,,,,
20,B Mitchell,1,bowled,2,Australia,38.25,765,20,1931,1,43.6,35.63,,,,,
21,B Mitchell,24,caught,2,Australia,37.57,789,21,1931,1,33.7,32.0,,,,,
22,B Mitchell,17,caught,2,Australia,36.64,806,22,1931,1,34.9,31.4,,,,,
23,B Mitchell,46,caught,2,Australia,37.04,852,23,1931,1,38.2,32.6,,,,,
24,B Mitchell,75,caught,2,Australia,38.62,927,24,1932,1,38.9,35.25,,,,,
25,B Mitchell,95,caught,2,Australia,40.88,1022,25,1932,1,41.0,38.8,,,,,
26,B Mitchell,2,caught,1,Australia,39.38,1024,26,1932,1,33.9,38.85,,,,,
27,B Mitchell,4,caught,4,Australia,38.07,1028,27,1932,1,32.2,38.95,,,,,
28,B Mitchell,113,caught,2,New Zealand,40.75,1141,28,1932,1,37.7,44.5,,,,,
29,B Mitchell,0,bowled,2,New Zealand,39.34,1141,29,1932,1,37.7,44.2,39.34,,,,
30,B Mitchell,53,caught,2,New Zealand,39.8,1194,30,1932,1,42.9,43.25,38.14,,,,
31,B Mitchell,25,bowled,2,England,39.32,1219,31,1935,1,43.0,38.35,35.67,,,,
32,B Mitchell,8,not out,2,England,39.58,1227,31,1935,0,46.78,40.53,36.17,,,,
33,B Mitchell,30,lbw,1,England,39.28,1257,32,1935,1,45.0,41.42,36.45,,,,
34,B Mitchell,164,not out,1,England,44.41,1421,32,1935,0,61.75,49.06,42.82,,,,
35,B Mitchell,8,lbw,2,England,43.3,1429,33,1935,1,50.88,45.39,42.25,,,,
36,B Mitchell,58,bowled,2,England,43.74,1487,34,1935,1,57.88,44.56,44.29,,,,
37,B Mitchell,10,caught,1,England,42.77,1497,35,1935,1,58.62,43.94,44.57,,,,
38,B Mitchell,48,not out,1,England,44.14,1545,35,1935,0,57.71,45.94,47.93,,,,
39,B Mitchell,128,caught,2,England,46.47,1673,36,1935,1,76.0,53.47,52.44,46.47,,,
40,B Mitchell,9,bowled,2,England,45.46,1682,37,1935,1,69.71,53.94,50.11,44.28,,,
41,B Mitchell,19,bowled,1,Australia,44.76,1701,38,1935,1,68.86,53.65,46.26,41.95,,,
42,B Mitchell,19,run out,1,Australia,44.1,1720,39,1935,1,61.62,53.76,46.78,41.68,,,
43,B Mitchell,8,caught,1,Australia,43.2,1728,40,1935,1,58.88,51.53,46.59,41.3,,,
44,B Mitchell,45,caught,4,Australia,43.24,1773,41,1935,1,39.11,49.76,45.74,41.92,,,
45,B Mitchell,14,caught,4,Australia,42.55,1787,42,1936,1,39.78,45.0,43.52,41.65,,,
46,B Mitchell,0,bowled,5,Australia,41.56,1787,43,1936,1,33.33,44.88,40.81,41.62,,,
47,B Mitchell,16,stumped,6,Australia,40.98,1803,44,1936,1,34.0,45.59,40.63,42.0,,,
48,B Mitchell,48,not out,4,Australia,42.07,1851,44,1936,0,34.0,44.38,41.81,44.44,,,
49,B Mitchell,10,caught,3,Australia,41.36,1861,45,1936,1,20.89,45.0,42.19,44.56,41.36,,
50,B Mitchell,72,not out,3,Australia,42.96,1933,45,1936,0,31.38,49.27,46.72,45.83,41.93,,
51,B Mitchell,73,bowled,1,England,43.61,2006,46,1938,1,38.12,52.47,48.68,44.4,41.27,,
52,B Mitchell,48,not out,1,England,44.65,2054,46,1938,0,47.71,55.13,52.0,46.97,42.64,,
53,B Mitchell,42,bowled,1,England,44.6,2096,47,1938,1,52.57,55.93,51.83,47.82,43.09,,
54,B Mitchell,1,caught,1,England,43.69,2097,48,1938,1,46.29,42.25,48.75,45.85,42.61,,
55,B Mitchell,30,caught,1,England,43.41,2127,49,1939,1,48.57,43.62,46.04,44.56,42.75,,
56,B Mitchell,109,caught,1,England,44.72,2236,50,1939,1,64.14,46.81,50.5,45.62,45.2,,
57,B Mitchell,63,caught,4,England,45.08,2299,51,1939,1,70.86,50.12,52.96,46.85,46.59,,
58,B Mitchell,11,bowled,4,England,44.42,2310,52,1939,1,57.38,45.0,48.71,45.47,46.8,,
59,B Mitchell,89,other,1,England,45.26,2399,53,1939,1,67.25,42.71,52.42,48.09,48.68,,
60,B Mitchell,14,bowled,1,England,44.69,2413,54,1947,1,53.33,43.0,50.79,48.47,47.36,,
61,B Mitchell,4,caught,1,England,43.95,2417,55,1947,1,45.67,42.12,49.92,47.88,44.66,,
62,B Mitchell,46,stumped,1,England,43.98,2463,56,1947,1,40.9,43.71,49.44,48.74,45.59,,
63,B Mitchell,80,caught,1,England,44.61,2543,57,1947,1,44.7,47.94,51.44,49.74,47.11,,
64,B Mitchell,80,run out,3,England,45.22,2623,58,1947,1,52.6,50.0,46.23,49.88,47.39,,
65,B Mitchell,6,caught,3,England,44.56,2629,59,1947,1,50.2,49.53,46.15,47.26,45.84,,
66,B Mitchell,53,bowled,3,England,44.7,2682,60,1947,1,44.6,52.65,45.96,48.76,45.39,,
67,B Mitchell,5,bowled,3,England,44.05,2687,61,1947,1,38.8,52.0,45.77,48.79,45.02,,
68,B Mitchell,120,caught,1,England,45.27,2807,62,1947,1,49.7,53.11,46.74,49.0,46.43,,
69,B Mitchell,189,not out,1,England,48.32,2996,62,1947,0,66.33,66.76,50.88,56.21,51.91,48.32,
70,B Mitchell,27,caught,3,England,47.98,3023,63,1948,1,67.78,60.56,51.58,55.42,52.51,47.34,
71,B Mitchell,19,bowled,3,England,47.53,3042,64,1948,1,69.44,57.56,51.58,55.24,52.4,45.92,
72,B Mitchell,86,bowled,3,England,48.12,3128,65,1948,1,73.89,56.53,54.15,55.91,54.0,46.83,
73,B Mitchell,40,caught,3,England,48.0,3168,66,1948,1,69.44,56.42,55.38,56.21,53.86,47.11,
74,B Mitchell,120,bowled,3,England,49.07,3288,67,1949,1,73.89,62.68,58.27,53.34,54.91,48.67,
75,B Mitchell,20,not out,5,England,49.37,3308,67,1949,0,84.88,65.61,60.84,55.26,54.43,49.39,
76,B Mitchell,2,caught,1,England,48.68,3310,68,1949,1,78.5,59.67,60.92,53.62,54.43,49.4,
77,B Mitchell,6,caught,1,England,48.06,3316,69,1949,1,78.62,56.5,60.52,53.5,54.48,49.47,
78,B Mitchell,99,caught,1,England,48.79,3415,70,1949,1,76.0,61.39,60.15,53.43,54.14,51.03,
79,B Mitchell,56,caught,1,England,48.89,3471,71,1949,1,52.78,59.56,61.92,51.37,55.48,51.84,
