,Name,Runs,Dismissal,Pos,Opposition,Ave,RunTally,DisTally,Date,Out,rolling10,rolling20,rolling30,rolling40,rolling50,rolling70,rolling100
0,BKG Mendis,13,caught,3,West Indies,13.0,13,1,2015,1,,,,,,,
1,BKG Mendis,39,caught,3,West Indies,26.0,52,2,2015,1,,,,,,,
2,BKG Mendis,8,caught,2,New Zealand,20.0,60,3,2015,1,,,,,,,
3,BKG Mendis,46,caught,2,New Zealand,26.5,106,4,2015,1,,,,,,,
4,BKG Mendis,31,caught,2,New Zealand,27.4,137,5,2015,1,,,,,,,
5,BKG Mendis,46,caught,2,New Zealand,30.5,183,6,2015,1,,,,,,,
6,BKG Mendis,0,caught,3,England,26.14,183,7,2016,1,,,,,,,
7,BKG Mendis,53,bowled,3,England,29.5,236,8,2016,1,,,,,,,
8,BKG Mendis,35,caught,3,England,30.11,271,9,2016,1,,,,,,,
9,BKG Mendis,26,caught,3,England,29.7,297,10,2016,1,29.7,,,,,,
10,BKG Mendis,25,lbw,3,England,29.27,322,11,2016,1,30.9,,,,,,
11,BKG Mendis,17,not out,3,England,30.82,339,11,2016,0,31.89,,,,,,
12,BKG Mendis,8,lbw,3,Australia,28.92,347,12,2016,1,31.89,,,,,,
13,BKG Mendis,176,caught,4,Australia,40.23,523,13,2016,1,46.33,,,,,,
14,BKG Mendis,86,caught,4,Australia,43.5,609,14,2016,1,52.44,,,,,,
15,BKG Mendis,7,caught,4,Australia,41.07,616,15,2016,1,48.11,,,,,,
16,BKG Mendis,1,caught,4,Australia,38.56,617,16,2016,1,48.22,,,,,,
17,BKG Mendis,18,lbw,5,Australia,37.35,635,17,2016,1,44.33,,,,,,
18,BKG Mendis,34,caught,4,Zimbabwe,37.17,669,18,2016,1,44.22,,,,,,
19,BKG Mendis,19,caught,4,Zimbabwe,36.21,688,19,2016,1,43.44,36.21,,,,,
20,BKG Mendis,26,caught,4,Zimbabwe,35.7,714,20,2016,1,43.56,36.89,,,,,
21,BKG Mendis,0,caught,3,Zimbabwe,34.0,714,21,2016,1,37.5,34.84,,,,,
22,BKG Mendis,0,caught,4,South Africa,32.45,714,22,2016,1,36.7,34.42,,,,,
23,BKG Mendis,58,caught,4,South Africa,33.57,772,23,2016,1,24.9,35.05,,,,,
24,BKG Mendis,11,caught,3,South Africa,32.62,783,24,2017,1,17.4,34.0,,,,,
25,BKG Mendis,4,caught,3,South Africa,31.48,787,25,2017,1,17.1,31.79,,,,,
26,BKG Mendis,41,caught,3,South Africa,31.85,828,26,2017,1,21.1,33.95,,,,,
27,BKG Mendis,24,bowled,3,South Africa,31.56,852,27,2017,1,21.7,32.42,,,,,
28,BKG Mendis,194,caught,3,Bangladesh,37.36,1046,28,2017,1,37.7,40.79,,,,,
29,BKG Mendis,19,caught,3,Bangladesh,36.72,1065,29,2017,1,37.7,40.42,36.72,,,,
30,BKG Mendis,5,stumped,3,Bangladesh,35.67,1070,30,2017,1,35.6,39.37,36.45,,,,
31,BKG Mendis,36,caught,3,Bangladesh,35.68,1106,31,2017,1,39.2,38.35,36.34,,,,
32,BKG Mendis,11,caught,3,Zimbabwe,34.91,1117,32,2017,1,40.3,38.5,36.45,,,,
33,BKG Mendis,66,caught,3,Zimbabwe,35.85,1183,33,2017,1,41.1,33.0,37.14,,,,
34,BKG Mendis,0,caught,4,India,34.79,1183,34,2017,1,40.0,28.7,36.07,,,,
35,BKG Mendis,36,caught,4,India,34.83,1219,35,2017,1,43.2,30.15,35.72,,,,
36,BKG Mendis,24,caught,3,India,34.53,1243,36,2017,1,41.5,31.3,36.55,,,,
37,BKG Mendis,110,caught,3,India,36.57,1353,37,2017,1,50.1,35.9,38.52,,,,
38,BKG Mendis,18,run out,3,India,36.08,1371,38,2017,1,32.5,35.1,37.93,,,,
39,BKG Mendis,12,lbw,4,India,35.46,1383,39,2017,1,31.8,34.75,37.45,35.46,,,
40,BKG Mendis,10,caught,4,Pakistan,34.83,1393,40,2017,1,32.3,33.95,36.93,35.38,,,
41,BKG Mendis,18,lbw,4,Pakistan,34.41,1411,41,2017,1,30.5,34.85,35.73,34.85,,,
42,BKG Mendis,1,caught,4,Pakistan,33.62,1412,42,2017,1,29.5,34.9,35.5,34.67,,,
43,BKG Mendis,29,caught,4,Pakistan,33.51,1441,43,2017,1,25.8,33.45,30.6,34.23,,,
44,BKG Mendis,196,caught,2,Bangladesh,37.2,1637,44,2018,1,45.4,42.7,34.27,38.46,,,
45,BKG Mendis,68,bowled,1,Bangladesh,37.89,1705,45,2018,1,48.6,45.9,36.3,39.03,,,
46,BKG Mendis,7,lbw,2,Bangladesh,37.22,1712,46,2018,1,46.9,44.2,36.5,39.21,,,
47,BKG Mendis,4,caught,1,West Indies,36.51,1716,47,2018,1,36.3,43.2,36.03,37.95,,,
48,BKG Mendis,102,caught,1,West Indies,37.88,1818,48,2018,1,44.7,38.6,38.3,39.67,,,
49,BKG Mendis,45,caught,4,West Indies,38.02,1863,49,2018,1,48.0,39.9,39.17,40.15,38.02,,
50,BKG Mendis,87,bowled,5,West Indies,39.0,1950,50,2018,1,55.7,44.0,41.2,41.74,39.53,,
51,BKG Mendis,22,bowled,4,West Indies,38.67,1972,51,2018,1,56.1,43.3,41.93,40.83,39.18,,
52,BKG Mendis,25,lbw,4,West Indies,38.4,1997,52,2018,1,58.5,44.0,42.77,41.25,39.53,,
53,BKG Mendis,24,caught,4,South Africa,38.13,2021,53,2018,1,58.0,41.9,41.63,37.45,39.08,,
54,BKG Mendis,0,lbw,4,South Africa,37.43,2021,54,2018,1,38.4,41.9,41.27,35.3,38.45,,
55,BKG Mendis,21,caught,4,South Africa,37.13,2042,55,2018,1,33.7,41.15,41.83,35.65,37.94,,
56,BKG Mendis,18,run out,4,South Africa,36.79,2060,56,2018,1,34.8,40.85,41.07,36.08,38.31,,
57,BKG Mendis,19,caught,4,England,36.47,2079,57,2018,1,36.3,36.3,40.9,36.1,37.61,,
58,BKG Mendis,45,caught,4,England,36.62,2124,58,2018,1,30.6,37.65,35.93,36.38,37.82,,
59,BKG Mendis,1,caught,5,England,36.02,2125,59,2018,1,26.2,37.1,35.33,35.92,37.31,,
60,BKG Mendis,1,lbw,4,England,35.43,2126,60,2018,1,17.6,36.65,35.2,35.3,36.82,,
61,BKG Mendis,27,caught,4,England,35.3,2153,61,2018,1,18.1,37.1,34.9,35.98,36.28,,
62,BKG Mendis,86,run out,4,England,36.11,2239,62,2018,1,24.2,41.35,37.4,38.12,37.84,,
63,BKG Mendis,2,caught,4,New Zealand,35.57,2241,63,2018,1,22.0,40.0,35.27,36.72,34.36,,
64,BKG Mendis,141,not out,4,New Zealand,37.81,2382,63,2018,0,40.11,39.21,41.34,41.0,36.18,,
65,BKG Mendis,15,caught,4,New Zealand,37.45,2397,64,2018,1,39.44,36.42,40.62,41.28,36.35,,
66,BKG Mendis,67,caught,4,New Zealand,37.91,2464,65,2018,1,44.89,39.58,42.1,41.95,37.69,,
67,BKG Mendis,14,bowled,4,Australia,37.55,2478,66,2019,1,44.33,40.11,38.79,41.69,37.61,,
68,BKG Mendis,1,caught,4,Australia,37.0,2479,67,2019,1,39.44,34.79,38.21,36.74,36.94,,
69,BKG Mendis,6,bowled,4,Australia,36.54,2485,68,2019,1,40.0,32.74,38.0,36.41,36.67,36.54,
70,BKG Mendis,42,caught,5,Australia,36.62,2527,69,2019,1,44.56,30.37,39.1,37.36,37.0,36.97,
71,BKG Mendis,12,caught,4,South Africa,36.27,2539,70,2019,1,42.89,29.84,38.9,36.74,37.24,36.57,
72,BKG Mendis,0,caught,4,South Africa,35.76,2539,71,2019,1,33.33,28.53,38.86,36.46,37.24,36.46,
73,BKG Mendis,16,caught,4,South Africa,35.49,2555,72,2019,1,34.89,28.11,38.41,35.18,36.39,36.01,
74,BKG Mendis,84,not out,4,South Africa,36.65,2639,72,2019,0,28.56,34.33,35.79,38.32,38.67,37.34,
75,BKG Mendis,53,caught,3,New Zealand,36.88,2692,73,2019,1,32.78,36.11,35.25,38.76,39.69,37.45,
76,BKG Mendis,10,caught,3,New Zealand,36.51,2702,74,2019,1,26.44,35.67,35.36,38.39,39.04,37.6,
77,BKG Mendis,32,caught,3,New Zealand,36.45,2734,75,2019,1,28.44,36.39,36.36,36.34,39.21,37.28,
78,BKG Mendis,20,bowled,3,New Zealand,36.24,2754,76,2019,1,30.56,35.0,33.43,36.39,35.58,37.06,
79,BKG Mendis,10,caught,3,Pakistan,35.9,2764,77,2019,1,31.0,35.5,32.18,36.34,35.4,36.82,
80,BKG Mendis,13,caught,3,Pakistan,35.6,2777,78,2019,1,27.78,36.17,29.54,36.42,35.56,36.64,
81,BKG Mendis,0,caught,3,Pakistan,35.15,2777,79,2019,1,26.44,34.67,28.75,35.95,34.81,35.85,
82,BKG Mendis,80,caught,3,Zimbabwe,35.71,2857,80,2020,1,35.33,34.33,30.71,38.03,36.25,36.91,
83,BKG Mendis,22,caught,3,Zimbabwe,35.54,2879,81,2020,1,36.0,35.44,30.64,37.84,35.33,34.65,
84,BKG Mendis,116,not out,3,Zimbabwe,36.98,2995,81,2020,0,39.56,34.06,36.07,36.7,38.55,35.61,
85,BKG Mendis,12,caught,3,South Africa,36.67,3007,82,2020,1,35.0,33.89,35.74,35.19,38.04,35.69,
86,BKG Mendis,0,caught,3,South Africa,36.23,3007,83,2020,1,33.89,30.17,35.07,35.0,37.53,35.67,
