,Name,Runs,Dismissal,Pos,Opposition,Ave,RunTally,DisTally,Date,Out,rolling10,rolling20,rolling30,rolling40,rolling50,rolling70,rolling100
0,CD McMillan,54,lbw,6,Australia,54.0,54,1,1997,1,,,,,,,
1,CD McMillan,0,lbw,5,Australia,27.0,54,2,1997,1,,,,,,,
2,CD McMillan,54,caught,6,Australia,36.0,108,3,1997,1,,,,,,,
3,CD McMillan,23,lbw,7,Australia,32.75,131,4,1997,1,,,,,,,
4,CD McMillan,2,lbw,6,Australia,26.6,133,5,1997,1,,,,,,,
5,CD McMillan,41,caught,5,Australia,29.0,174,6,1997,1,,,,,,,
6,CD McMillan,139,caught,6,Zimbabwe,44.71,313,7,1998,1,,,,,,,
7,CD McMillan,88,caught,6,Zimbabwe,50.12,401,8,1998,1,,,,,,,
8,CD McMillan,0,lbw,5,Sri Lanka,44.56,401,9,1998,1,,,,,,,
9,CD McMillan,142,caught,5,Sri Lanka,54.3,543,10,1998,1,54.3,,,,,,
10,CD McMillan,13,bowled,6,Sri Lanka,50.55,556,11,1998,1,50.2,,,,,,
11,CD McMillan,1,caught,5,Sri Lanka,46.42,557,12,1998,1,50.3,,,,,,
12,CD McMillan,2,stumped,6,Sri Lanka,43.0,559,13,1998,1,45.1,,,,,,
13,CD McMillan,1,caught,6,Sri Lanka,40.0,560,14,1998,1,42.9,,,,,,
14,CD McMillan,24,caught,5,India,38.93,584,15,1998,1,45.1,,,,,,
15,CD McMillan,74,not out,5,India,43.87,658,15,1998,0,53.78,,,,,,
16,CD McMillan,92,caught,5,India,46.88,750,16,1999,1,48.56,,,,,,
17,CD McMillan,84,caught,5,India,49.06,834,17,1999,1,48.11,,,,,,
18,CD McMillan,25,caught,4,South Africa,47.72,859,18,1999,1,50.89,,,,,,
19,CD McMillan,22,not out,5,South Africa,48.94,881,18,1999,0,42.25,48.94,,,,,
20,CD McMillan,18,caught,5,England,47.32,899,19,1999,1,42.88,46.94,,,,,
21,CD McMillan,15,caught,5,England,45.7,914,20,1999,1,44.62,47.78,,,,,
22,CD McMillan,3,caught,6,England,43.67,917,21,1999,1,44.75,44.94,,,,,
23,CD McMillan,107,not out,6,England,48.76,1024,21,1999,0,66.29,52.53,,,,,
24,CD McMillan,19,bowled,6,England,47.41,1043,22,1999,1,65.57,53.53,,,,,
25,CD McMillan,26,lbw,6,England,46.48,1069,23,1999,1,51.38,52.65,,,,,
26,CD McMillan,22,lbw,6,India,45.46,1091,24,1999,1,42.62,45.76,,,,,
27,CD McMillan,18,caught,6,India,44.36,1109,25,1999,1,34.38,41.65,,,,,
28,CD McMillan,34,caught,6,India,43.96,1143,26,1999,1,35.5,43.65,,,,,
29,CD McMillan,31,lbw,8,India,43.48,1174,27,1999,1,32.56,37.12,43.48,,,,
30,CD McMillan,51,caught,7,West Indies,43.75,1225,28,1999,1,36.22,39.35,43.37,,,,
31,CD McMillan,31,caught,6,West Indies,43.31,1256,29,1999,1,38.0,41.12,44.52,,,,
32,CD McMillan,6,lbw,7,Australia,42.07,1262,30,2000,1,38.33,41.35,42.74,,,,
33,CD McMillan,78,caught,6,Australia,43.23,1340,31,2000,1,31.6,45.88,44.78,,,,
34,CD McMillan,1,caught,6,Australia,41.91,1341,32,2000,1,29.8,44.53,44.74,,,,
35,CD McMillan,0,caught,6,Australia,40.64,1341,33,2000,1,27.2,37.94,43.22,,,,
36,CD McMillan,79,caught,6,Australia,41.76,1420,34,2000,1,32.9,37.22,41.0,,,,
37,CD McMillan,30,caught,6,Australia,41.43,1450,35,2000,1,34.1,34.22,38.85,,,,
38,CD McMillan,58,caught,7,Zimbabwe,41.89,1508,36,2000,1,36.5,36.06,41.0,,,,
39,CD McMillan,31,not out,5,Zimbabwe,42.75,1539,36,2000,0,40.56,36.56,38.31,42.75,,,
40,CD McMillan,15,lbw,6,Zimbabwe,42.0,1554,37,2000,1,36.56,36.39,38.38,41.67,,,
41,CD McMillan,16,caught,6,South Africa,41.32,1570,38,2000,1,34.89,36.44,38.96,42.11,,,
42,CD McMillan,78,caught,6,South Africa,42.26,1648,39,2000,1,42.89,40.61,41.88,42.78,,,
43,CD McMillan,39,caught,6,South Africa,42.18,1687,40,2000,1,38.56,34.89,43.35,43.22,,,
44,CD McMillan,0,lbw,6,South Africa,41.15,1687,41,2000,1,38.44,33.89,42.42,43.17,,,
45,CD McMillan,4,caught,6,South Africa,40.26,1691,42,2000,1,38.89,32.74,38.26,42.14,,,
46,CD McMillan,142,bowled,6,Zimbabwe,42.63,1833,43,2000,1,45.89,39.05,40.11,42.22,,,
47,CD McMillan,10,caught,5,Zimbabwe,41.89,1843,44,2000,1,43.67,38.63,37.37,40.06,,,
48,CD McMillan,54,caught,6,Pakistan,42.16,1897,45,2001,1,43.22,39.68,38.44,41.56,,,
49,CD McMillan,0,caught,7,Pakistan,41.24,1897,46,2001,1,35.8,38.05,36.29,37.61,41.24,,
50,CD McMillan,20,caught,7,Pakistan,40.79,1917,47,2001,1,36.3,36.42,36.36,37.81,40.5,,
51,CD McMillan,98,caught,4,Pakistan,41.98,2015,48,2001,1,44.5,39.95,39.32,40.5,42.63,,
52,CD McMillan,45,caught,6,Australia,42.04,2060,49,2001,1,41.2,42.0,40.82,41.69,42.43,,
53,CD McMillan,23,not out,7,Australia,42.51,2083,49,2001,0,44.0,41.28,37.82,43.51,43.38,,
54,CD McMillan,55,bowled,6,Australia,42.76,2138,50,2001,1,50.11,44.28,39.11,44.4,44.56,,
55,CD McMillan,4,lbw,6,Australia,42.0,2142,51,2001,1,50.11,44.5,38.32,41.22,43.73,,
56,CD McMillan,19,caught,7,Australia,41.56,2161,52,2001,1,36.44,41.17,38.21,39.19,41.07,,
57,CD McMillan,106,caught,6,Bangladesh,42.77,2267,53,2001,1,47.11,45.39,41.36,39.81,41.47,,
58,CD McMillan,70,run out,5,Bangladesh,43.28,2337,54,2001,1,48.89,46.06,42.64,41.06,43.02,,
59,CD McMillan,40,caught,7,England,43.22,2377,55,2002,1,53.33,44.11,42.96,40.43,40.76,,
60,CD McMillan,24,caught,6,England,42.88,2401,56,2002,1,53.78,44.58,42.0,40.59,41.0,,
61,CD McMillan,41,lbw,6,England,42.84,2442,57,2002,1,47.44,45.89,42.36,41.3,41.89,,
62,CD McMillan,17,not out,6,England,43.14,2459,57,2002,0,49.88,45.06,44.33,42.83,43.18,,
63,CD McMillan,41,lbw,6,England,43.1,2500,58,2002,1,46.33,45.17,42.96,39.89,44.09,,
64,CD McMillan,50,not out,6,England,43.97,2550,58,2002,0,51.5,50.76,46.5,41.86,45.72,,
65,CD McMillan,15,caught,6,Pakistan,43.47,2565,59,2002,1,52.88,51.41,47.08,41.56,43.34,,
66,CD McMillan,2,lbw,6,Pakistan,42.78,2567,60,2002,1,50.75,43.18,44.12,41.0,41.3,,
67,CD McMillan,6,lbw,6,West Indies,42.18,2573,61,2002,1,38.25,42.94,43.19,40.67,39.52,,
68,CD McMillan,1,caught,6,West Indies,41.52,2574,62,2002,1,29.62,39.82,41.0,39.75,38.98,,
69,CD McMillan,14,caught,7,West Indies,41.08,2588,63,2002,1,26.38,40.65,38.85,39.28,37.93,41.08,
70,CD McMillan,9,lbw,4,India,40.58,2597,64,2002,1,24.5,40.0,38.63,38.11,37.73,40.37,
71,CD McMillan,4,caught,4,India,40.02,2601,65,2002,1,19.88,34.47,38.19,37.36,37.49,40.43,
72,CD McMillan,18,lbw,4,India,39.68,2619,66,2002,1,17.78,32.88,35.96,37.69,37.82,39.86,
73,CD McMillan,54,caught,6,India,39.9,2673,67,2003,1,19.22,32.78,36.52,37.03,35.85,40.35,
74,CD McMillan,83,not out,6,India,41.13,2756,67,2003,0,22.89,36.35,41.12,40.43,38.07,42.31,
75,CD McMillan,100,not out,6,India,42.63,2856,67,2003,0,36.38,44.62,46.6,44.56,40.61,43.97,
76,CD McMillan,22,caught,5,Pakistan,42.32,2878,68,2003,1,38.88,44.81,41.8,42.88,40.61,42.05,
77,CD McMillan,2,run out,5,Pakistan,41.74,2880,69,2003,1,38.38,38.31,41.48,42.06,40.25,40.64,
78,CD McMillan,26,lbw,6,Pakistan,41.51,2906,70,2003,1,41.5,35.56,40.36,41.12,40.07,41.07,
79,CD McMillan,3,not out,7,Pakistan,41.56,2909,70,2003,0,45.86,35.47,42.17,40.29,40.35,39.43,
80,CD McMillan,19,lbw,5,South Africa,41.24,2928,71,2004,1,47.29,35.13,42.12,40.41,39.6,39.53,
81,CD McMillan,82,bowled,5,South Africa,41.81,3010,72,2004,1,58.43,37.87,41.46,42.35,40.79,40.88,
82,CD McMillan,6,lbw,5,England,41.32,3016,73,2004,1,56.71,34.81,39.83,40.24,40.79,40.95,
83,CD McMillan,0,caught,5,England,40.76,3016,74,2004,1,49.0,32.25,37.32,39.09,38.98,40.93,
84,CD McMillan,0,lbw,5,England,40.21,3016,75,2004,1,32.5,27.41,35.12,39.09,38.95,40.53,
85,CD McMillan,30,lbw,6,England,40.08,3046,76,2004,1,21.11,28.29,36.16,39.85,39.65,39.15,
86,CD McMillan,23,caught,6,Australia,39.86,3069,77,2004,1,21.22,29.53,36.32,36.35,38.35,38.02,
87,CD McMillan,9,lbw,6,Australia,39.46,3078,78,2004,1,22.0,29.71,32.44,36.32,37.86,36.79,
88,CD McMillan,13,caught,6,Australia,39.13,3091,79,2005,1,20.56,30.41,30.16,35.12,36.81,36.59,
89,CD McMillan,5,caught,6,Australia,38.7,3096,80,2005,1,18.7,29.88,28.76,35.26,35.39,35.73,
90,CD McMillan,20,bowled,7,Australia,38.47,3116,81,2005,1,18.8,30.53,28.6,35.26,35.5,35.76,
