,Name,Runs,Dismissal,Pos,Opposition,Ave,RunTally,DisTally,Date,Out,rolling10,rolling20,rolling30,rolling40,rolling50,rolling70,rolling100
0,CH Gayle,33,run out,3,Zimbabwe,33.0,33,1,2000,1,,,,,,,
1,CH Gayle,0,bowled,3,Zimbabwe,16.5,33,2,2000,1,,,,,,,
2,CH Gayle,13,caught,3,Zimbabwe,15.33,46,3,2000,1,,,,,,,
3,CH Gayle,13,caught,6,Pakistan,14.75,59,4,2000,1,,,,,,,
4,CH Gayle,0,lbw,2,England,11.8,59,5,2000,1,,,,,,,
5,CH Gayle,81,caught,2,South Africa,23.33,140,6,2001,1,,,,,,,
6,CH Gayle,44,caught,2,South Africa,26.29,184,7,2001,1,,,,,,,
7,CH Gayle,10,lbw,2,South Africa,24.25,194,8,2001,1,,,,,,,
8,CH Gayle,23,caught,2,South Africa,24.11,217,9,2001,1,,,,,,,
9,CH Gayle,40,caught,2,South Africa,25.7,257,10,2001,1,25.7,,,,,,
10,CH Gayle,48,caught,1,South Africa,27.73,305,11,2001,1,27.2,,,,,,
11,CH Gayle,11,caught,1,South Africa,26.33,316,12,2001,1,28.3,,,,,,
12,CH Gayle,12,caught,1,South Africa,25.23,328,13,2001,1,28.2,,,,,,
13,CH Gayle,25,caught,2,South Africa,25.21,353,14,2001,1,29.4,,,,,,
14,CH Gayle,32,bowled,2,South Africa,25.67,385,15,2001,1,32.6,,,,,,
15,CH Gayle,175,caught,2,Zimbabwe,35.0,560,16,2001,1,42.0,,,,,,
16,CH Gayle,6,lbw,2,Zimbabwe,33.29,566,17,2001,1,38.2,,,,,,
17,CH Gayle,52,not out,2,Zimbabwe,36.35,618,17,2001,0,47.11,,,,,,
18,CH Gayle,9,caught,2,Sri Lanka,34.83,627,18,2001,1,45.56,,,,,,
19,CH Gayle,1,caught,2,Sri Lanka,33.05,628,19,2001,1,41.22,33.05,,,,,
20,CH Gayle,44,bowled,1,Sri Lanka,33.6,672,20,2001,1,40.78,33.63,,,,,
21,CH Gayle,0,caught,2,Sri Lanka,32.0,672,21,2001,1,39.56,33.63,,,,,
22,CH Gayle,0,caught,2,Sri Lanka,30.55,672,22,2001,1,38.22,32.95,,,,,
23,CH Gayle,0,caught,2,Sri Lanka,29.22,672,23,2001,1,35.44,32.26,,,,,
24,CH Gayle,68,bowled,2,Pakistan,30.83,740,24,2002,1,39.44,35.84,,,,,
25,CH Gayle,66,bowled,2,Pakistan,32.24,806,25,2002,1,27.33,35.05,,,,,
26,CH Gayle,6,bowled,2,Pakistan,31.23,812,26,2002,1,27.33,33.05,,,,,
27,CH Gayle,4,lbw,2,Pakistan,30.22,816,27,2002,1,19.8,32.74,,,,,
28,CH Gayle,12,caught,1,India,29.57,828,28,2002,1,20.1,32.16,,,,,
29,CH Gayle,13,caught,1,India,29.0,841,29,2002,1,21.3,30.74,29.0,,,,
30,CH Gayle,52,caught,2,India,29.77,893,30,2002,1,22.1,30.95,29.66,,,,
31,CH Gayle,14,lbw,2,India,29.26,907,31,2002,1,23.5,31.11,30.14,,,,
32,CH Gayle,0,not out,1,India,29.26,907,31,2002,0,26.11,32.17,30.75,,,,
33,CH Gayle,32,caught,1,India,29.34,939,32,2002,1,29.67,32.56,31.43,,,,
34,CH Gayle,68,caught,1,India,30.52,1007,33,2002,1,29.67,34.56,33.86,,,,
35,CH Gayle,15,caught,1,India,30.06,1022,34,2002,1,24.0,25.67,31.5,,,,
36,CH Gayle,3,caught,1,New Zealand,29.29,1025,35,2002,1,23.67,25.5,30.04,,,,
37,CH Gayle,73,lbw,1,New Zealand,30.5,1098,36,2002,1,31.33,25.26,32.29,,,,
38,CH Gayle,204,caught,1,New Zealand,35.19,1302,37,2002,1,52.67,35.53,38.75,,,,
39,CH Gayle,7,lbw,1,India,34.45,1309,38,2002,1,52.0,35.84,37.57,34.45,,,
40,CH Gayle,42,caught,1,India,34.64,1351,39,2002,1,50.89,35.74,37.36,34.68,,,
41,CH Gayle,23,caught,1,India,34.35,1374,40,2002,1,51.89,36.95,37.79,35.29,,,
42,CH Gayle,0,caught,1,India,33.51,1374,41,2002,1,46.7,36.95,37.36,34.95,,,
43,CH Gayle,88,caught,1,India,34.81,1462,42,2002,1,52.3,41.58,39.61,36.92,,,
44,CH Gayle,51,caught,1,Bangladesh,35.19,1513,43,2002,1,50.6,40.68,40.29,38.26,,,
45,CH Gayle,38,bowled,1,Bangladesh,35.25,1551,44,2002,1,52.9,39.21,35.39,37.13,,,
46,CH Gayle,37,bowled,1,Bangladesh,35.29,1588,45,2002,1,56.3,40.84,36.5,36.95,,,
47,CH Gayle,71,bowled,1,Australia,36.07,1659,46,2003,1,56.1,44.37,35.9,38.55,,,
48,CH Gayle,56,stumped,1,Australia,36.49,1715,47,2003,1,41.3,46.68,37.52,39.42,,,
49,CH Gayle,0,bowled,1,Australia,35.73,1715,48,2003,1,40.6,46.0,37.48,38.37,35.73,,
50,CH Gayle,19,caught,1,Australia,35.39,1734,49,2003,1,38.3,44.26,36.62,37.61,35.44,,
51,CH Gayle,27,lbw,1,Sri Lanka,35.22,1761,50,2003,1,38.7,44.95,37.55,38.03,36.0,,
52,CH Gayle,31,caught,1,Sri Lanka,35.14,1792,51,2003,1,41.8,44.25,38.62,38.53,36.38,,
53,CH Gayle,0,lbw,1,Sri Lanka,34.46,1792,52,2003,1,33.0,42.65,38.62,37.87,36.1,,
54,CH Gayle,14,lbw,1,Zimbabwe,34.08,1806,53,2003,1,29.3,39.95,36.76,37.39,36.4,,
55,CH Gayle,13,caught,1,Zimbabwe,33.69,1819,54,2003,1,26.8,39.85,34.93,33.13,34.98,,
56,CH Gayle,47,caught,1,Zimbabwe,33.93,1866,55,2003,1,27.8,42.05,36.34,34.21,35.04,,
57,CH Gayle,0,lbw,1,Zimbabwe,33.32,1866,56,2003,1,20.7,38.4,36.21,32.0,34.83,,
58,CH Gayle,8,caught,9,South Africa,32.88,1874,57,2003,1,15.9,28.6,36.07,31.97,34.52,,
59,CH Gayle,26,caught,8,South Africa,32.76,1900,58,2003,1,18.5,29.55,36.52,32.62,34.23,,
60,CH Gayle,116,lbw,1,South Africa,34.17,2016,59,2004,1,28.2,33.25,38.72,34.46,35.65,,
61,CH Gayle,32,caught,1,South Africa,34.13,2048,60,2004,1,28.7,33.7,39.34,35.28,36.08,,
62,CH Gayle,77,caught,1,South Africa,34.84,2125,61,2004,1,33.3,37.55,40.6,37.26,37.44,,
63,CH Gayle,107,caught,1,South Africa,36.0,2232,62,2004,1,44.0,38.5,43.1,40.0,39.15,,
64,CH Gayle,5,bowled,1,England,35.51,2237,63,2004,1,43.1,36.2,41.0,38.38,38.58,,
65,CH Gayle,9,caught,1,England,35.09,2246,64,2004,1,42.7,34.75,40.8,36.92,35.12,,
66,CH Gayle,62,caught,1,England,35.51,2308,65,2004,1,44.2,36.0,42.77,38.36,36.29,,
67,CH Gayle,16,bowled,1,England,35.21,2324,66,2004,1,45.8,33.25,40.87,38.67,34.82,,
68,CH Gayle,6,lbw,1,England,34.78,2330,67,2004,1,45.6,30.75,34.27,38.51,34.76,,
69,CH Gayle,15,bowled,1,England,34.49,2345,68,2004,1,44.5,31.5,34.53,38.56,35.04,34.49,
70,CH Gayle,69,caught,1,England,34.99,2414,69,2004,1,39.8,34.0,35.43,39.0,35.55,35.01,
71,CH Gayle,141,caught,2,Bangladesh,36.5,2555,70,2004,1,50.7,39.7,39.37,42.26,38.43,37.09,
72,CH Gayle,66,not out,1,Bangladesh,37.44,2621,70,2004,0,55.11,43.63,43.0,43.95,40.6,38.43,
73,CH Gayle,14,caught,1,Bangladesh,37.11,2635,71,2004,1,44.78,44.37,40.45,43.49,40.9,38.45,
74,CH Gayle,66,lbw,1,England,37.51,2701,72,2004,1,51.56,47.11,40.97,43.44,40.85,39.43,
75,CH Gayle,81,bowled,1,England,38.11,2782,73,2004,1,59.56,50.68,42.45,45.13,41.17,39.43,
76,CH Gayle,7,bowled,1,England,37.69,2789,74,2004,1,53.44,48.58,41.41,45.23,41.19,38.88,
77,CH Gayle,82,caught,1,England,38.28,2871,75,2004,1,60.78,52.89,41.79,45.46,42.81,39.96,
78,CH Gayle,5,caught,1,England,37.84,2876,76,2004,1,60.67,52.74,40.03,40.36,42.67,39.69,
79,CH Gayle,42,caught,1,England,37.9,2918,77,2004,1,63.67,53.58,41.48,41.26,43.27,39.72,
80,CH Gayle,12,caught,1,England,37.56,2930,78,2004,1,57.33,48.11,41.24,40.49,42.44,39.18,
81,CH Gayle,105,caught,1,England,38.42,3035,79,2004,1,53.33,51.95,43.93,42.59,44.33,40.58,
82,CH Gayle,6,caught,2,South Africa,38.01,3041,80,2005,1,42.0,48.21,43.07,42.74,43.55,40.49,
83,CH Gayle,1,caught,2,South Africa,37.56,3042,81,2005,1,40.7,42.63,43.1,40.51,42.92,40.13,
84,CH Gayle,0,caught,2,South Africa,37.1,3042,82,2005,1,34.1,42.37,42.62,39.21,41.53,39.66,
85,CH Gayle,5,caught,1,South Africa,36.71,3047,83,2005,1,26.5,42.16,42.34,38.36,41.33,37.12,
86,CH Gayle,317,caught,1,South Africa,40.05,3364,84,2005,1,57.5,55.58,51.66,45.54,47.73,41.76,
87,CH Gayle,4,caught,1,Pakistan,39.62,3368,85,2005,1,49.7,54.95,51.79,43.82,46.33,40.44,
88,CH Gayle,50,caught,1,Pakistan,39.74,3418,86,2005,1,54.2,57.26,53.24,43.67,43.18,41.04,
89,CH Gayle,33,caught,1,Pakistan,39.67,3451,87,2005,1,53.3,58.21,53.48,44.51,43.71,41.51,
90,CH Gayle,15,caught,1,Pakistan,39.39,3466,88,2005,1,53.6,55.37,50.0,44.41,43.16,41.09,
91,CH Gayle,10,caught,1,Australia,39.06,3476,89,2005,1,44.1,48.47,49.24,43.97,42.9,41.24,
92,CH Gayle,33,caught,1,Australia,38.99,3509,90,2005,1,46.8,44.4,47.72,44.03,43.57,41.72,
93,CH Gayle,56,lbw,1,Australia,39.18,3565,91,2005,1,52.3,46.5,45.97,45.46,42.92,42.54,
94,CH Gayle,4,bowled,1,Australia,38.79,3569,92,2005,1,52.7,43.4,45.93,45.21,41.96,41.6,
95,CH Gayle,25,caught,1,New Zealand,38.65,3594,93,2006,1,54.7,40.6,46.48,45.51,41.69,41.0,
96,CH Gayle,82,caught,1,New Zealand,39.11,3676,94,2006,1,31.2,44.35,47.17,46.41,42.61,42.12,
97,CH Gayle,30,caught,1,New Zealand,39.01,3706,95,2006,1,33.8,41.75,47.66,47.18,41.78,42.5,
98,CH Gayle,68,lbw,1,New Zealand,39.31,3774,96,2006,1,35.6,44.9,49.79,48.72,42.02,43.32,
99,CH Gayle,30,caught,1,New Zealand,39.22,3804,97,2006,1,35.3,44.3,50.31,48.82,42.63,43.57,39.22
100,CH Gayle,72,caught,1,India,39.55,3876,98,2006,1,41.0,47.3,50.41,47.69,43.71,43.87,39.62
101,CH Gayle,69,lbw,1,India,39.85,3945,99,2006,1,46.9,45.5,47.93,48.64,44.57,44.68,40.33
102,CH Gayle,46,caught,1,India,39.91,3991,100,2006,1,48.2,47.5,45.67,47.85,44.88,44.7,40.67
103,CH Gayle,2,caught,1,India,39.53,3993,101,2006,1,42.8,47.55,45.27,45.15,44.92,44.26,40.56
104,CH Gayle,83,bowled,1,India,39.96,4076,102,2006,1,50.7,51.7,45.83,47.15,46.33,44.48,41.41
105,CH Gayle,3,caught,1,India,39.6,4079,103,2006,1,48.5,51.6,43.23,47.0,46.12,44.3,40.61
106,CH Gayle,0,bowled,1,India,39.22,4079,104,2006,1,40.3,35.75,43.0,45.41,45.16,44.26,40.15
107,CH Gayle,0,caught,1,India,38.85,4079,105,2006,1,37.3,35.55,40.27,45.0,45.16,43.2,40.05
108,CH Gayle,34,lbw,1,Pakistan,38.8,4113,106,2006,1,33.9,34.75,41.23,45.72,45.69,40.74,40.16
109,CH Gayle,11,caught,1,Pakistan,38.54,4124,107,2006,1,32.0,33.65,40.2,45.62,45.39,40.8,39.87
110,CH Gayle,93,lbw,1,Pakistan,39.05,4217,108,2006,1,34.1,37.55,42.9,46.23,44.92,41.54,40.33
111,CH Gayle,40,caught,1,Pakistan,39.06,4257,109,2006,1,31.2,39.05,40.73,43.64,45.08,41.78,40.63
112,CH Gayle,2,bowled,1,Pakistan,38.72,4259,110,2006,1,26.8,37.5,40.6,40.95,43.55,41.81,40.53
113,CH Gayle,30,bowled,1,England,38.64,4289,111,2007,1,29.6,36.2,41.57,41.35,41.98,40.97,40.58
114,CH Gayle,47,not out,1,England,39.06,4336,111,2007,0,28.89,40.37,44.62,41.92,43.73,41.51,41.16
115,CH Gayle,11,lbw,1,England,38.81,4347,112,2007,1,29.78,39.63,44.83,40.13,43.77,41.12,39.45
116,CH Gayle,13,caught,1,England,38.58,4360,113,2007,1,31.22,36.0,34.34,40.28,42.75,40.76,39.52
117,CH Gayle,23,caught,1,England,38.45,4383,114,2007,1,33.78,35.63,35.0,38.77,42.9,40.06,38.81
118,CH Gayle,16,caught,1,England,38.25,4399,115,2007,1,31.78,32.89,33.83,39.05,43.1,39.47,38.89
119,CH Gayle,28,lbw,2,England,38.16,4427,116,2007,1,33.67,32.79,33.66,38.69,43.38,39.88,39.16
120,CH Gayle,52,caught,1,England,38.28,4479,117,2007,1,29.11,31.74,34.93,39.72,43.02,40.37,39.25
121,CH Gayle,66,caught,1,South Africa,38.52,4545,118,2007,1,32.0,31.58,36.86,38.72,41.46,40.94,39.93
122,CH Gayle,29,caught,1,South Africa,38.44,4574,119,2007,1,35.0,30.68,36.72,39.31,39.86,40.91,40.23
123,CH Gayle,46,caught,1,South Africa,38.5,4620,120,2008,1,36.78,33.0,36.38,40.46,40.51,41.59,40.7
124,CH Gayle,38,caught,6,South Africa,38.5,4658,121,2008,1,32.2,30.63,37.55,41.44,39.94,41.94,40.39
125,CH Gayle,0,lbw,1,Sri Lanka,38.18,4658,122,2008,1,31.1,30.47,36.69,41.31,38.29,41.75,39.71
126,CH Gayle,51,not out,6,Sri Lanka,38.6,4709,122,2008,0,38.78,35.0,36.89,35.39,40.0,42.43,40.59
127,CH Gayle,45,caught,1,Sri Lanka,38.65,4754,123,2008,1,41.22,37.5,37.43,36.47,39.23,43.1,41.02
128,CH Gayle,10,caught,1,Sri Lanka,38.42,4764,124,2008,1,40.56,36.17,35.36,35.42,39.33,43.13,41.0
129,CH Gayle,14,caught,1,Australia,38.22,4778,125,2008,1,39.0,36.33,34.79,34.92,38.75,42.96,41.01
130,CH Gayle,26,caught,1,Australia,38.13,4804,126,2008,1,36.11,32.61,33.14,35.21,39.04,41.61,40.74
131,CH Gayle,74,caught,1,New Zealand,38.41,4878,127,2008,1,37.0,34.5,33.32,36.89,38.4,42.24,41.36
132,CH Gayle,34,caught,1,New Zealand,38.38,4912,128,2008,1,37.56,36.28,32.89,36.92,38.98,41.6,41.29
133,CH Gayle,197,caught,1,New Zealand,39.6,5109,129,2008,1,54.33,45.56,39.86,40.63,43.06,42.94,42.99
134,CH Gayle,104,bowled,1,England,40.1,5213,130,2009,1,61.67,46.16,40.61,43.26,45.23,44.42,43.36
135,CH Gayle,30,caught,1,England,40.02,5243,131,2009,1,65.0,47.16,41.57,43.39,45.75,44.73,43.52
136,CH Gayle,46,lbw,1,England,40.07,5289,132,2009,1,58.0,48.89,43.21,42.45,40.1,44.49,43.96
137,CH Gayle,6,lbw,2,England,39.81,5295,133,2009,1,54.1,48.0,43.43,41.82,40.15,44.34,43.27
138,CH Gayle,102,caught,1,England,40.28,5397,134,2009,1,63.3,52.53,45.86,42.71,41.23,45.78,42.22
139,CH Gayle,4,lbw,8,England,40.01,5401,135,2009,1,62.3,51.26,45.61,42.03,40.62,45.61,42.19
140,CH Gayle,28,bowled,1,England,39.92,5429,136,2009,1,62.5,50.0,43.29,40.87,40.9,45.0,42.04
141,CH Gayle,0,caught,1,England,39.63,5429,137,2009,1,55.1,46.53,41.86,39.05,40.69,42.9,41.8
142,CH Gayle,19,lbw,2,England,39.48,5448,138,2009,1,53.6,46.0,42.46,38.34,40.4,41.57,42.0
143,CH Gayle,54,caught,2,England,39.58,5502,139,2009,1,39.3,46.42,43.32,39.71,40.35,42.16,41.65
144,CH Gayle,31,lbw,1,Australia,39.52,5533,140,2009,1,32.0,46.05,41.28,38.34,40.92,41.65,41.44
145,CH Gayle,1,lbw,1,Australia,39.25,5534,141,2009,1,29.1,46.11,40.93,38.29,40.42,40.47,41.06
146,CH Gayle,26,caught,1,Australia,39.15,5560,142,2009,1,27.1,42.55,41.38,38.97,39.25,40.75,40.95
147,CH Gayle,165,not out,1,Australia,40.32,5725,142,2009,0,47.78,51.11,47.93,44.49,42.96,42.6,42.35
148,CH Gayle,102,caught,1,Australia,40.75,5827,143,2009,1,47.78,55.95,51.0,46.32,43.68,44.04,42.83
149,CH Gayle,21,caught,1,Australia,40.61,5848,144,2009,1,49.67,56.32,50.75,46.59,43.49,43.73,43.05
150,CH Gayle,6,bowled,1,South Africa,40.37,5854,145,2010,1,47.22,55.26,49.11,44.24,42.09,43.64,42.92
151,CH Gayle,73,lbw,1,South Africa,40.6,5927,146,2010,1,55.33,55.21,49.36,45.14,42.17,43.16,43.4
152,CH Gayle,50,bowled,1,South Africa,40.66,5977,147,2010,1,58.78,56.05,50.11,46.43,42.26,43.82,43.59
153,CH Gayle,20,bowled,1,South Africa,40.52,5997,148,2010,1,55.0,46.74,49.18,46.16,42.64,44.1,43.8
154,CH Gayle,10,caught,1,South Africa,40.32,6007,149,2010,1,52.67,41.79,48.18,43.97,41.09,44.25,43.76
155,CH Gayle,333,bowled,1,Sri Lanka,42.27,6340,150,2010,1,89.56,57.74,60.07,52.45,48.11,49.15,47.09
156,CH Gayle,30,caught,1,Sri Lanka,42.19,6370,151,2010,1,90.0,56.89,57.28,52.89,48.74,44.87,46.92
157,CH Gayle,3,caught,1,Sri Lanka,41.93,6373,152,2010,1,64.8,56.74,55.83,52.37,48.81,44.85,46.95
158,CH Gayle,0,lbw,1,Sri Lanka,41.65,6373,153,2010,1,54.6,51.37,55.48,51.95,48.09,44.1,46.86
159,CH Gayle,150,caught,1,New Zealand,42.36,6523,154,2012,1,67.5,59.05,60.17,55.16,51.04,45.85,48.16
160,CH Gayle,64,not out,1,New Zealand,42.77,6587,154,2012,0,81.44,64.33,63.68,56.97,51.52,47.29,48.12
161,CH Gayle,8,caught,1,New Zealand,42.55,6595,155,2012,1,74.22,64.78,61.32,55.41,50.83,47.26,47.86
162,CH Gayle,8,lbw,1,New Zealand,42.33,6603,156,2012,1,69.56,64.17,60.39,54.84,50.96,46.88,47.14
163,CH Gayle,24,caught,1,Bangladesh,42.21,6627,157,2012,1,70.0,62.5,54.21,54.24,50.83,46.39,46.26
164,CH Gayle,19,caught,1,Bangladesh,42.06,6646,158,2012,1,71.0,61.83,51.18,53.73,49.15,46.62,46.41
165,CH Gayle,25,caught,1,Bangladesh,41.96,6671,159,2012,1,36.78,63.17,51.0,54.41,49.45,46.62,46.58
166,CH Gayle,20,not out,1,Bangladesh,42.08,6691,159,2012,0,40.12,66.53,51.93,53.57,50.67,46.38,46.63
167,CH Gayle,40,caught,1,Zimbabwe,42.07,6731,160,2013,1,44.75,55.89,53.19,53.43,51.04,46.54,46.88
168,CH Gayle,4,not out,1,Zimbabwe,42.09,6735,160,2013,0,51.71,53.41,51.46,54.75,51.91,46.27,47.37
169,CH Gayle,101,caught,1,Zimbabwe,42.46,6836,161,2013,1,44.71,58.12,55.19,57.17,53.53,47.38,48.29
170,CH Gayle,18,caught,1,India,42.31,6854,162,2013,1,33.38,58.82,54.81,56.94,52.78,46.53,47.74
171,CH Gayle,33,caught,1,India,42.25,6887,163,2013,1,36.5,56.47,56.08,55.81,52.04,45.97,46.58
172,CH Gayle,11,caught,1,India,42.06,6898,164,2013,1,36.88,54.18,55.77,55.17,51.64,45.42,45.5
173,CH Gayle,35,caught,1,India,42.02,6933,165,2013,1,38.25,55.06,55.04,50.67,51.4,45.94,45.72
174,CH Gayle,64,caught,1,New Zealand,42.15,6997,166,2014,1,43.88,58.24,56.31,49.56,51.98,45.64,45.7
175,CH Gayle,10,caught,1,New Zealand,41.96,7007,167,2014,1,42.0,39.24,56.65,49.0,52.2,45.75,44.95
176,CH Gayle,1,bowled,1,New Zealand,41.71,7008,168,2014,1,35.22,37.53,55.69,47.75,49.98,45.77,44.88
177,CH Gayle,80,not out,1,New Zealand,42.19,7088,168,2014,0,44.62,44.69,52.42,51.23,51.87,47.76,45.34
178,CH Gayle,42,caught,1,New Zealand,42.19,7130,169,2014,1,43.89,47.31,50.12,49.51,52.58,47.89,45.74
179,CH Gayle,11,bowled,1,New Zealand,42.01,7141,170,2014,1,33.89,38.62,49.73,49.71,52.51,47.89,45.41
180,CH Gayle,64,lbw,1,Bangladesh,42.13,7205,171,2014,1,39.0,36.35,51.96,50.74,53.36,47.43,45.97
181,CH Gayle,9,not out,1,Bangladesh,42.19,7214,171,2014,0,40.88,38.69,51.48,52.5,53.09,47.69,45.42
