,Name,Runs,Dismissal,Pos,Opposition,Ave,RunTally,DisTally,Date,Out,rolling10,rolling20,rolling30,rolling40,rolling50,rolling70,rolling100
0,CL Walcott,8,bowled,2,England,8.0,8,1,1948,1,,,,,,,
1,CL Walcott,16,caught,2,England,12.0,24,2,1948,1,,,,,,,
2,CL Walcott,20,caught,5,England,14.67,44,3,1948,1,,,,,,,
3,CL Walcott,2,lbw,2,England,11.5,46,4,1948,1,,,,,,,
4,CL Walcott,11,lbw,3,England,11.4,57,5,1948,1,,,,,,,
5,CL Walcott,31,not out,3,England,17.6,88,5,1948,0,,,,,,,
6,CL Walcott,45,caught,8,England,22.17,133,6,1948,1,,,,,,,
7,CL Walcott,152,run out,4,India,40.71,285,7,1948,1,,,,,,,
8,CL Walcott,68,run out,3,India,44.12,353,8,1948,1,,,,,,,
9,CL Walcott,54,caught,3,India,45.22,407,9,1948,1,45.22,,,,,,
10,CL Walcott,108,caught,6,India,51.5,515,10,1948,1,56.33,,,,,,
11,CL Walcott,43,lbw,3,India,50.73,558,11,1949,1,59.33,,,,,,
12,CL Walcott,11,bowled,3,India,47.42,569,12,1949,1,58.33,,,,,,
13,CL Walcott,16,bowled,3,India,45.0,585,13,1949,1,59.89,,,,,,
14,CL Walcott,13,caught,5,England,42.71,598,14,1950,1,60.11,,,,,,
15,CL Walcott,9,bowled,5,England,40.47,607,15,1950,1,51.9,,,,,,
16,CL Walcott,14,stumped,5,England,38.81,621,16,1950,1,48.8,,,,,,
17,CL Walcott,168,not out,6,England,49.31,789,16,1950,0,56.0,,,,,,
18,CL Walcott,8,bowled,6,England,46.88,797,17,1950,1,49.33,,,,,,
19,CL Walcott,17,bowled,5,England,45.22,814,18,1950,1,45.22,45.22,,,,,
20,CL Walcott,0,lbw,6,Australia,42.84,814,19,1951,1,33.22,44.78,,,,,
21,CL Walcott,4,stumped,8,Australia,40.9,818,20,1951,1,28.89,44.11,,,,,
22,CL Walcott,60,caught,5,Australia,41.81,878,21,1951,1,34.33,46.33,,,,,
23,CL Walcott,10,stumped,5,Australia,40.36,888,22,1951,1,33.67,46.78,,,,,
24,CL Walcott,1,bowled,3,Australia,38.65,889,23,1952,1,32.33,46.22,,,,,
25,CL Walcott,12,caught,3,Australia,37.54,901,24,1952,1,32.67,42.79,,,,,
26,CL Walcott,65,bowled,5,New Zealand,38.64,966,25,1952,1,38.33,43.84,,,,,
27,CL Walcott,19,lbw,4,New Zealand,37.88,985,26,1952,1,19.6,36.84,,,,,
28,CL Walcott,115,lbw,6,New Zealand,40.74,1100,27,1952,1,30.3,39.32,,,,,
29,CL Walcott,47,caught,5,India,40.96,1147,28,1953,1,33.3,38.95,40.96,,,,
30,CL Walcott,98,lbw,5,India,42.93,1245,29,1953,1,43.1,38.42,44.18,,,,
31,CL Walcott,34,bowled,6,India,42.63,1279,30,1953,1,46.1,37.95,44.82,,,,
32,CL Walcott,30,stumped,3,India,42.23,1309,31,1953,1,43.1,38.95,45.18,,,,
33,CL Walcott,125,lbw,5,India,44.81,1434,32,1953,1,54.6,44.68,49.57,,,,
34,CL Walcott,118,caught,5,India,47.03,1552,33,1953,1,66.3,50.21,53.39,,,,
35,CL Walcott,5,not out,5,India,47.18,1557,33,1953,0,72.89,52.78,52.46,,,,
36,CL Walcott,65,bowled,5,England,47.71,1622,34,1954,1,72.89,55.61,53.18,,,,
37,CL Walcott,25,caught,5,England,47.06,1647,35,1954,1,73.56,45.16,48.64,,,,
38,CL Walcott,220,stumped,4,England,51.86,1867,36,1954,1,85.22,56.32,54.07,,,,
39,CL Walcott,17,not out,4,England,52.33,1884,36,1954,0,92.12,59.44,54.7,52.33,,,
40,CL Walcott,4,bowled,4,England,51.03,1888,37,1954,1,80.38,59.67,50.85,52.22,,,
41,CL Walcott,26,lbw,5,England,50.37,1914,38,1954,1,79.38,60.89,50.22,52.5,,,
42,CL Walcott,124,caught,5,England,52.26,2038,39,1954,1,91.12,64.44,54.41,55.39,,,
43,CL Walcott,51,not out,5,England,53.56,2089,39,1954,0,93.57,70.65,57.85,58.37,,,
44,CL Walcott,50,caught,5,England,53.48,2139,40,1954,1,83.86,73.53,59.27,59.49,,,
45,CL Walcott,116,caught,5,England,55.0,2255,41,1954,1,87.25,79.65,63.38,60.19,,,
46,CL Walcott,108,caught,5,Australia,56.26,2363,42,1955,1,92.62,82.18,67.0,61.94,,,
47,CL Walcott,39,caught,5,Australia,55.86,2402,43,1955,1,94.38,83.35,59.74,58.81,,,
48,CL Walcott,126,stumped,3,Australia,57.45,2528,44,1955,1,82.62,84.0,64.11,60.42,,,
49,CL Walcott,110,caught,3,Australia,58.62,2638,45,1955,1,83.78,87.71,67.56,61.97,58.62,,
50,CL Walcott,8,caught,3,Australia,57.52,2646,46,1955,1,84.22,82.41,67.85,59.19,58.62,,
51,CL Walcott,73,other,3,Australia,57.85,2719,47,1955,1,89.44,84.71,70.41,60.03,59.89,,
52,CL Walcott,15,caught,3,Australia,56.96,2734,48,1955,1,77.33,83.82,68.74,60.14,59.78,,
53,CL Walcott,83,bowled,3,Australia,57.49,2817,49,1955,1,72.8,81.35,71.44,62.0,61.58,,
54,CL Walcott,155,caught,3,Australia,59.44,2972,50,1955,1,83.3,83.53,77.15,65.94,64.78,,
55,CL Walcott,110,caught,4,Australia,60.43,3082,51,1955,1,82.7,84.72,80.78,68.75,65.09,,
56,CL Walcott,90,caught,3,England,61.0,3172,52,1957,1,80.9,86.11,81.7,70.86,66.07,,
57,CL Walcott,1,caught,6,England,59.87,3173,53,1957,1,77.1,84.78,81.04,64.43,62.78,,
58,CL Walcott,14,lbw,3,England,59.02,3187,54,1957,1,65.9,73.33,77.3,64.59,61.61,,
59,CL Walcott,21,caught,3,England,58.33,3208,55,1957,1,57.0,69.68,76.33,64.7,60.89,,
60,CL Walcott,17,caught,3,England,57.59,3225,56,1957,1,57.9,70.37,73.33,65.16,58.91,,
61,CL Walcott,7,caught,3,England,56.7,3232,57,1957,1,51.3,69.37,72.33,65.24,58.13,,
62,CL Walcott,38,caught,5,England,56.38,3270,58,1957,1,53.6,64.84,72.63,64.65,58.72,,
63,CL Walcott,35,caught,5,England,56.02,3305,59,1957,1,48.8,60.8,69.3,65.32,59.13,,
64,CL Walcott,5,bowled,4,England,55.17,3310,60,1957,1,33.8,58.55,65.11,65.43,58.96,,
65,CL Walcott,19,not out,5,England,55.48,3329,60,1957,0,27.44,56.53,65.63,67.44,60.49,,
66,CL Walcott,43,caught,5,Pakistan,55.28,3372,61,1958,1,22.22,53.11,64.81,66.83,61.13,,
67,CL Walcott,88,not out,5,Pakistan,56.72,3460,61,1958,0,35.88,58.78,69.73,70.71,59.36,,
68,CL Walcott,145,run out,3,Pakistan,58.15,3605,62,1958,1,52.25,59.83,66.85,71.57,62.4,,
69,CL Walcott,47,stumped,5,Pakistan,57.97,3652,63,1958,1,55.5,56.33,65.48,71.57,63.07,57.97,
70,CL Walcott,62,caught,5,Pakistan,58.03,3714,64,1958,1,61.12,59.33,67.63,70.54,64.44,58.83,
71,CL Walcott,9,bowled,5,England,57.28,3723,65,1960,1,61.38,55.78,67.0,69.83,64.56,58.71,
72,CL Walcott,53,stumped,5,England,57.21,3776,66,1960,1,63.25,57.89,64.37,70.49,64.4,59.24,
73,CL Walcott,22,caught,4,England,56.69,3798,67,1960,1,61.62,54.5,61.04,67.54,64.67,59.56,
