,Name,Runs,Dismissal,Pos,Opposition,Ave,RunTally,DisTally,Date,Out,rolling10,rolling20,rolling30,rolling40,rolling50,rolling70,rolling100
0,DL Vettori,3,not out,11,England,inf,3,0,1997,0,,,,,,,
1,DL Vettori,2,not out,11,England,inf,5,0,1997,0,,,,,,,
2,DL Vettori,25,run out,9,England,30.0,30,1,1997,1,,,,,,,
3,DL Vettori,29,not out,9,England,59.0,59,1,1997,0,,,,,,,
4,DL Vettori,1,caught,6,Sri Lanka,30.0,60,2,1997,1,,,,,,,
5,DL Vettori,4,bowled,9,Sri Lanka,21.33,64,3,1997,1,,,,,,,
6,DL Vettori,6,bowled,9,Sri Lanka,17.5,70,4,1997,1,,,,,,,
7,DL Vettori,2,caught,9,Zimbabwe,14.4,72,5,1997,1,,,,,,,
8,DL Vettori,13,caught,9,Zimbabwe,14.17,85,6,1997,1,,,,,,,
9,DL Vettori,90,caught,9,Zimbabwe,25.0,175,7,1997,1,25.0,,,,,,
10,DL Vettori,7,run out,9,Zimbabwe,22.75,182,8,1997,1,22.38,,,,,,
11,DL Vettori,14,caught,5,Australia,21.78,196,9,1997,1,21.22,,,,,,
12,DL Vettori,0,caught,9,Australia,19.6,196,10,1997,1,18.44,,,,,,
13,DL Vettori,14,not out,8,Australia,21.0,210,10,1997,0,16.78,,,,,,
14,DL Vettori,1,caught,4,Australia,19.18,211,11,1997,1,16.78,,,,,,
15,DL Vettori,3,caught,9,Australia,17.83,214,12,1997,1,16.67,,,,,,
16,DL Vettori,16,bowled,9,Zimbabwe,17.69,230,13,1998,1,17.78,,,,,,
17,DL Vettori,0,caught,10,Zimbabwe,16.43,230,14,1998,1,17.56,,,,,,
18,DL Vettori,20,caught,9,Sri Lanka,16.67,250,15,1998,1,18.33,,,,,,
19,DL Vettori,0,caught,5,Sri Lanka,15.62,250,16,1998,1,8.33,15.62,,,,,
20,DL Vettori,0,run out,9,Sri Lanka,14.71,250,17,1998,1,7.56,14.53,,,,,
21,DL Vettori,0,caught,10,Sri Lanka,13.89,250,18,1998,1,6.0,13.61,,,,,
22,DL Vettori,3,bowled,10,Sri Lanka,13.32,253,19,1998,1,6.33,12.39,,,,,
23,DL Vettori,57,bowled,9,India,15.5,310,20,1998,1,10.0,13.21,,,,,
24,DL Vettori,24,bowled,10,India,15.9,334,21,1999,1,12.3,14.42,,,,,
25,DL Vettori,43,not out,9,India,17.95,377,21,1999,0,18.11,17.39,,,,,
26,DL Vettori,32,caught,9,South Africa,18.59,409,22,1999,1,19.89,18.83,,,,,
27,DL Vettori,18,lbw,9,South Africa,18.57,427,23,1999,1,21.89,19.72,,,,,
28,DL Vettori,4,caught,7,South Africa,17.96,431,24,1999,1,20.11,19.22,,,,,
29,DL Vettori,16,bowled,9,South Africa,17.88,447,25,1999,1,21.89,15.11,17.88,,,,
30,DL Vettori,1,caught,9,England,17.23,448,26,1999,1,22.0,14.78,17.12,,,,
31,DL Vettori,0,bowled,9,England,16.59,448,27,1999,1,22.0,14.0,16.41,,,,
32,DL Vettori,54,caught,7,England,17.93,502,28,1999,1,27.67,17.0,17.48,,,,
33,DL Vettori,2,not out,11,England,18.0,504,28,1999,0,24.25,16.33,16.48,,,,
34,DL Vettori,51,lbw,10,England,19.14,555,29,1999,1,27.62,19.11,18.33,,,,
35,DL Vettori,6,caught,10,England,18.7,561,30,1999,1,20.44,19.28,18.41,,,,
36,DL Vettori,0,bowled,10,India,18.1,561,31,1999,1,16.89,18.39,18.19,,,,
37,DL Vettori,0,caught,10,India,17.53,561,32,1999,1,14.89,18.39,18.11,,,,
38,DL Vettori,8,not out,10,India,17.78,569,32,1999,0,17.25,18.76,18.62,,,,
39,DL Vettori,3,caught,3,India,17.33,572,33,1999,1,15.62,18.94,15.27,17.33,,,
40,DL Vettori,29,caught,5,West Indies,17.68,601,34,1999,1,19.12,20.65,16.12,17.59,,,
41,DL Vettori,2,caught,10,West Indies,17.23,603,35,1999,1,19.38,20.76,15.65,17.09,,,
42,DL Vettori,15,not out,10,Australia,17.66,618,35,2000,0,16.57,22.81,16.88,17.29,,,
43,DL Vettori,0,caught,9,Australia,17.17,618,36,2000,1,14.25,19.25,15.69,15.97,,,
44,DL Vettori,27,caught,9,Australia,17.43,645,37,2000,1,11.25,19.44,16.69,16.71,,,
45,DL Vettori,8,caught,9,Australia,17.18,653,38,2000,1,11.5,16.24,16.88,16.83,,,
46,DL Vettori,49,caught,10,Zimbabwe,18.0,702,39,2000,1,17.62,17.24,18.15,18.06,,,
47,DL Vettori,3,not out,10,Australia,18.08,705,39,2001,0,20.57,17.38,19.0,18.62,,,
48,DL Vettori,10,not out,9,Australia,18.33,715,39,2001,0,20.86,18.93,19.38,19.09,,,
49,DL Vettori,2,caught,7,Australia,17.92,717,40,2001,1,20.71,18.0,19.46,16.42,17.92,,
50,DL Vettori,3,caught,9,Australia,17.56,720,41,2001,1,17.0,18.13,19.58,16.3,17.49,,
51,DL Vettori,0,lbw,9,Bangladesh,17.14,720,42,2001,1,16.71,18.13,19.58,15.88,17.02,,
52,DL Vettori,42,caught,3,England,17.72,762,43,2002,1,18.0,17.33,21.21,17.15,17.43,,
53,DL Vettori,12,caught,8,England,17.59,774,44,2002,1,19.5,16.88,19.33,16.59,16.63,,
54,DL Vettori,11,caught,8,England,17.44,785,45,2002,1,17.5,14.38,18.79,16.88,16.86,,
55,DL Vettori,3,lbw,8,England,17.13,788,46,2002,1,16.88,14.19,16.44,16.88,16.84,,
56,DL Vettori,0,caught,8,England,16.77,788,47,2002,1,10.75,14.19,15.16,16.41,16.7,,
57,DL Vettori,7,caught,8,Pakistan,16.56,795,48,2002,1,10.0,14.62,14.72,16.62,16.81,,
58,DL Vettori,5,caught,8,Pakistan,16.33,800,49,2002,1,8.5,13.59,14.76,16.18,16.63,,
59,DL Vettori,39,caught,8,West Indies,16.78,839,50,2002,1,12.2,15.71,15.68,17.32,15.44,,
60,DL Vettori,11,bowled,9,West Indies,16.67,850,51,2002,1,13.0,14.65,16.08,17.65,15.53,,
61,DL Vettori,1,caught,6,West Indies,16.37,851,52,2002,1,13.1,14.59,16.12,17.68,15.23,,
62,DL Vettori,21,caught,9,India,16.45,872,53,2002,1,11.0,14.11,14.8,18.21,15.72,,
63,DL Vettori,6,caught,9,India,16.26,878,54,2002,1,10.4,14.44,14.38,16.71,15.18,,
64,DL Vettori,7,lbw,8,Sri Lanka,16.09,885,55,2003,1,10.0,13.33,12.69,16.21,15.32,,
65,DL Vettori,55,run out,8,Sri Lanka,16.79,940,56,2003,1,15.2,15.94,14.58,16.09,16.5,,
66,DL Vettori,0,bowled,8,Sri Lanka,16.49,940,57,2003,1,15.2,13.22,14.58,15.17,16.14,,
67,DL Vettori,60,caught,9,India,17.24,1000,58,2003,1,20.5,15.53,16.88,16.37,17.5,,
68,DL Vettori,48,not out,8,India,18.07,1048,58,2003,0,27.56,17.53,18.42,18.15,18.56,,
69,DL Vettori,137,not out,9,Pakistan,20.43,1185,58,2003,0,43.25,26.0,24.52,22.36,22.26,20.43,
70,DL Vettori,20,caught,9,Pakistan,20.42,1205,59,2003,1,44.38,26.94,24.16,22.94,22.74,20.37,
71,DL Vettori,44,caught,9,Pakistan,20.82,1249,60,2003,1,49.75,29.39,25.84,24.27,23.79,20.73,
72,DL Vettori,0,lbw,9,Pakistan,20.48,1249,61,2003,1,47.12,27.06,24.27,22.64,23.71,20.32,
73,DL Vettori,53,bowled,9,South Africa,21.0,1302,62,2004,1,53.0,29.33,26.31,23.47,23.62,20.38,
74,DL Vettori,4,not out,9,South Africa,21.06,1306,62,2004,0,60.14,30.65,26.44,22.76,23.71,20.77,
75,DL Vettori,0,caught,9,South Africa,20.73,1306,63,2004,1,52.29,30.47,26.12,22.58,22.12,20.7,
76,DL Vettori,9,caught,9,South Africa,20.55,1315,64,2004,1,53.57,31.0,24.52,22.85,21.57,20.75,
77,DL Vettori,2,bowled,10,England,20.26,1317,65,2004,1,45.29,30.71,23.54,22.91,21.19,20.75,
78,DL Vettori,5,caught,9,England,20.03,1322,66,2004,1,34.25,30.71,22.48,22.15,21.21,20.62,
79,DL Vettori,35,bowled,9,England,20.25,1357,67,2004,1,19.11,30.47,23.7,23.09,21.67,19.7,
80,DL Vettori,23,caught,8,Bangladesh,20.29,1380,68,2004,1,19.44,31.18,24.44,22.91,22.19,19.97,
81,DL Vettori,21,caught,9,Australia,20.3,1401,69,2004,1,16.89,32.35,25.22,23.47,22.69,20.08,
82,DL Vettori,2,caught,9,Australia,20.04,1403,70,2004,1,17.11,31.24,23.74,22.43,21.45,20.12,
83,DL Vettori,20,lbw,8,Australia,20.04,1423,71,2004,1,13.44,32.06,24.04,23.0,21.37,19.89,
84,DL Vettori,59,caught,8,Australia,20.58,1482,72,2004,1,17.6,35.12,25.81,23.91,21.56,20.84,
85,DL Vettori,24,not out,8,Australia,20.92,1506,72,2005,0,22.22,35.38,27.62,25.09,22.5,21.53,
86,DL Vettori,23,lbw,8,Australia,20.95,1529,73,2005,1,23.78,36.81,28.5,24.32,23.05,21.65,
87,DL Vettori,45,caught,9,Australia,21.27,1574,74,2005,1,28.56,35.88,29.96,24.83,24.12,22.4,
88,DL Vettori,41,not out,8,Australia,21.82,1615,74,2005,0,36.62,35.44,32.6,25.71,24.9,23.14,
89,DL Vettori,65,caught,8,Australia,22.4,1680,75,2005,1,40.38,29.12,33.64,27.51,26.38,24.24,
90,DL Vettori,127,bowled,8,Zimbabwe,23.78,1807,76,2005,1,53.38,35.41,38.28,31.06,28.71,26.39,
91,DL Vettori,48,caught,8,Zimbabwe,24.09,1855,77,2005,1,56.75,35.65,40.16,32.43,29.81,27.2,
92,DL Vettori,8,not out,9,Australia,24.19,1863,77,2005,0,65.71,38.38,41.29,32.38,29.64,27.76,
93,DL Vettori,0,caught,9,Australia,23.88,1863,78,2005,1,62.86,35.06,41.04,32.03,29.64,26.78,
94,DL Vettori,6,caught,8,West Indies,23.66,1869,79,2006,1,55.29,33.12,41.0,31.88,29.14,26.47,
95,DL Vettori,33,caught,9,West Indies,23.78,1902,80,2006,1,49.5,35.06,40.08,32.76,29.74,25.85,
96,DL Vettori,42,caught,8,West Indies,24.0,1944,81,2006,1,51.88,37.0,41.83,34.0,29.57,26.02,
97,DL Vettori,81,caught,8,South Africa,24.7,2025,82,2006,1,56.38,41.65,42.71,36.18,30.7,27.08,
98,DL Vettori,38,caught,9,South Africa,24.86,2063,83,2006,1,49.78,43.59,40.6,37.15,30.64,27.66,
99,DL Vettori,11,caught,8,South Africa,24.69,2074,84,2006,1,43.78,42.18,34.19,36.32,30.84,27.58,24.69
100,DL Vettori,2,lbw,8,South Africa,24.42,2076,85,2006,1,29.89,40.94,33.5,36.06,30.82,27.59,24.39
101,DL Vettori,60,caught,8,South Africa,24.84,2136,86,2006,1,31.22,43.24,34.12,37.79,32.18,28.61,24.78
102,DL Vettori,63,caught,8,Sri Lanka,25.28,2199,87,2006,1,33.6,46.82,36.54,39.03,32.66,28.76,25.22
103,DL Vettori,0,bowled,7,Sri Lanka,24.99,2199,88,2006,1,33.6,45.65,34.5,38.85,32.39,28.25,24.6
104,DL Vettori,51,lbw,8,Sri Lanka,25.28,2250,89,2006,1,38.1,45.18,34.96,40.15,33.3,28.25,25.17
105,DL Vettori,7,caught,9,South Africa,25.08,2257,90,2007,1,35.5,41.72,35.22,38.74,33.39,28.27,25.21
106,DL Vettori,46,not out,8,South Africa,25.59,2303,90,2007,0,39.89,45.53,38.0,41.3,35.23,29.53,25.97
107,DL Vettori,17,not out,8,South Africa,25.78,2320,90,2007,0,36.88,46.62,40.12,41.25,36.31,30.33,26.45
108,DL Vettori,8,caught,7,South Africa,25.58,2328,91,2007,1,33.12,41.94,40.24,38.79,36.38,29.81,26.39
109,DL Vettori,32,caught,8,Bangladesh,25.65,2360,92,2008,1,35.75,40.0,40.12,34.56,36.21,30.31,25.71
110,DL Vettori,94,caught,8,Bangladesh,26.39,2454,93,2008,1,47.25,38.06,42.96,36.74,38.19,31.41,26.73
111,DL Vettori,88,caught,8,England,27.04,2542,94,2008,1,50.75,40.41,45.64,38.03,40.26,32.86,27.6
112,DL Vettori,35,caught,8,England,27.13,2577,95,2008,1,47.25,39.67,46.96,39.06,40.6,32.65,28.01
113,DL Vettori,50,not out,8,England,27.65,2627,95,2008,0,61.14,44.94,50.17,40.15,42.66,34.05,28.44
114,DL Vettori,0,caught,8,England,27.36,2627,96,2008,1,53.86,44.59,47.71,38.85,42.49,33.59,28.42
115,DL Vettori,14,caught,8,England,27.23,2641,97,2008,1,54.86,43.47,45.4,39.26,41.49,33.69,28.55
116,DL Vettori,43,caught,8,England,27.39,2684,98,2008,1,47.62,43.53,46.2,40.26,42.54,33.59,28.87
117,DL Vettori,48,bowled,8,England,27.6,2732,99,2008,1,45.78,41.59,46.32,41.62,42.24,33.78,29.44
118,DL Vettori,0,not out,8,England,27.6,2732,99,2008,0,50.5,41.81,44.68,42.73,41.07,33.62,29.55
119,DL Vettori,1,run out,8,England,27.33,2733,100,2008,1,46.62,41.19,42.12,41.7,36.86,33.6,29.56
120,DL Vettori,4,caught,6,England,27.1,2737,101,2008,1,35.38,41.31,37.2,41.12,36.48,33.62,29.61
121,DL Vettori,7,caught,8,England,26.9,2744,102,2008,1,25.25,38.0,35.56,40.7,35.6,33.73,29.69
122,DL Vettori,1,caught,8,England,26.65,2745,103,2008,1,21.0,34.12,33.92,40.67,35.62,33.05,29.67
123,DL Vettori,55,not out,8,Bangladesh,27.18,2800,103,2008,0,21.62,40.07,37.48,43.03,36.54,34.34,30.0
124,DL Vettori,76,bowled,4,Bangladesh,27.65,2876,104,2008,1,31.12,41.73,40.28,43.56,37.38,35.44,30.63
125,DL Vettori,22,bowled,7,Bangladesh,27.6,2898,105,2008,1,32.12,42.73,39.84,42.18,37.9,35.76,30.01
126,DL Vettori,2,caught,8,Australia,27.36,2900,106,2008,1,27.0,37.31,38.24,41.55,37.74,35.8,29.65
127,DL Vettori,10,caught,8,Australia,27.2,2910,107,2008,1,22.25,34.71,35.4,40.48,37.93,35.85,29.56
128,DL Vettori,18,not out,8,Australia,27.36,2928,107,2008,0,24.5,37.5,36.04,39.79,39.17,36.69,30.08
129,DL Vettori,13,caught,8,Australia,27.23,2941,108,2008,1,26.0,36.31,36.12,38.21,38.63,36.24,30.05
130,DL Vettori,30,caught,8,West Indies,27.26,2971,109,2008,1,29.25,32.31,37.29,35.27,38.8,36.57,30.4
131,DL Vettori,29,caught,8,West Indies,27.27,3000,110,2008,1,32.0,28.62,36.0,34.7,39.0,37.05,30.75
132,DL Vettori,118,caught,8,India,28.09,3118,111,2009,1,46.62,33.81,38.29,36.91,41.83,38.72,31.52
133,DL Vettori,21,caught,9,India,28.03,3139,112,2009,1,37.67,30.12,39.17,37.53,41.85,38.98,31.37
134,DL Vettori,55,bowled,8,India,28.27,3194,113,2009,1,35.33,33.35,39.33,38.97,41.76,39.81,31.42
135,DL Vettori,11,caught,8,India,28.11,3205,114,2009,1,34.11,33.18,39.5,38.32,40.45,39.05,31.48
136,DL Vettori,15,not out,8,India,28.25,3220,114,2009,0,40.0,33.5,38.21,38.67,41.24,40.0,32.04
137,DL Vettori,42,bowled,9,Sri Lanka,28.37,3262,115,2009,1,44.0,33.12,37.68,37.48,41.17,39.68,32.54
138,DL Vettori,67,caught,6,Sri Lanka,28.7,3329,116,2009,1,44.56,35.12,40.04,38.36,40.81,39.33,32.86
139,DL Vettori,23,caught,9,Sri Lanka,28.65,3352,117,2009,1,45.67,36.41,39.68,38.73,39.81,36.73,33.1
140,DL Vettori,140,caught,8,Sri Lanka,29.59,3492,118,2009,1,57.89,44.41,41.52,42.91,40.12,38.76,34.42
141,DL Vettori,99,caught,8,Pakistan,30.18,3591,119,2009,1,65.67,49.82,41.96,44.09,41.33,39.69,35.57
142,DL Vettori,8,caught,8,Pakistan,29.99,3599,120,2009,1,53.44,50.24,40.88,42.42,40.37,39.83,35.07
143,DL Vettori,6,caught,8,Pakistan,29.79,3605,121,2009,1,51.78,44.72,37.62,42.61,40.51,39.03,35.14
144,DL Vettori,40,caught,8,Pakistan,29.88,3645,122,2009,1,50.11,42.72,39.15,42.27,41.3,38.98,35.29
145,DL Vettori,134,caught,6,Pakistan,30.72,3779,123,2009,1,63.78,48.94,43.77,46.12,43.65,41.22,36.78
146,DL Vettori,10,bowled,6,Bangladesh,30.56,3789,124,2010,1,56.9,49.39,42.5,43.71,42.91,41.23,36.32
147,DL Vettori,13,caught,6,Bangladesh,30.42,3802,125,2010,1,54.0,49.56,41.15,42.34,41.33,41.42,36.01
148,DL Vettori,46,caught,6,Australia,30.54,3848,126,2010,1,51.9,48.42,41.33,43.43,41.51,42.1,36.01
149,DL Vettori,77,bowled,6,Australia,30.91,3925,127,2010,1,57.3,51.79,44.15,44.71,43.05,42.8,36.87
150,DL Vettori,15,caught,6,Australia,30.78,3940,128,2010,1,44.8,51.0,44.56,42.46,43.35,42.67,37.01
151,DL Vettori,22,lbw,6,Australia,30.71,3962,129,2010,1,37.1,50.63,45.11,40.57,42.47,42.68,37.26
152,DL Vettori,41,caught,7,India,30.79,4003,130,2010,1,40.4,46.58,46.59,40.74,41.95,43.33,37.25
153,DL Vettori,11,lbw,8,India,30.64,4014,131,2010,1,40.9,46.05,43.36,38.53,42.21,43.18,37.24
154,DL Vettori,23,caught,7,India,30.58,4037,132,2010,1,39.2,44.37,41.46,39.17,41.56,42.58,37.38
155,DL Vettori,3,bowled,6,India,30.38,4040,133,2010,1,26.1,43.95,40.79,38.86,41.47,41.54,37.38
156,DL Vettori,13,lbw,8,India,30.25,4053,134,2010,1,26.4,41.65,41.18,38.03,39.77,41.38,37.53
157,DL Vettori,0,lbw,8,Pakistan,30.02,4053,135,2011,1,25.1,39.55,40.82,36.69,38.51,40.64,37.45
158,DL Vettori,3,lbw,8,Pakistan,29.82,4056,136,2011,1,20.8,36.35,38.9,35.78,38.4,39.37,37.43
159,DL Vettori,110,caught,8,Pakistan,30.41,4166,137,2011,1,24.1,40.7,42.24,38.73,40.13,40.1,38.24
160,DL Vettori,1,bowled,8,Pakistan,30.2,4167,138,2011,1,22.7,33.75,41.24,38.65,38.07,38.06,38.13
161,DL Vettori,40,caught,7,Zimbabwe,30.27,4207,139,2011,1,24.5,30.8,41.62,39.54,37.0,37.94,38.57
162,DL Vettori,31,caught,7,Zimbabwe,30.27,4238,140,2011,1,23.5,31.95,38.62,40.35,36.91,37.7,38.69
163,DL Vettori,96,run out,7,Australia,30.74,4334,141,2011,1,32.0,36.45,41.21,40.37,37.11,39.22,39.72
164,DL Vettori,17,caught,8,Australia,30.64,4351,142,2011,1,31.4,35.3,39.9,38.82,37.48,39.4,39.84
165,DL Vettori,38,stumped,6,Zimbabwe,30.69,4389,143,2012,1,34.9,30.5,40.83,39.24,38.0,39.48,39.64
166,DL Vettori,46,caught,6,South Africa,30.8,4435,144,2012,1,38.2,32.3,40.5,40.39,38.07,39.54,40.17
167,DL Vettori,0,bowled,6,South Africa,30.59,4435,145,2012,1,38.2,31.65,39.1,40.13,37.02,38.25,39.48
168,DL Vettori,21,caught,6,South Africa,30.52,4456,146,2012,1,40.0,30.4,37.57,39.18,36.68,37.98,38.73
169,DL Vettori,30,caught,7,South Africa,30.52,4486,147,2012,1,32.0,28.05,37.8,39.62,37.3,38.29,37.09
170,DL Vettori,0,bowled,6,South Africa,30.31,4486,148,2012,1,31.9,27.3,33.13,38.85,37.21,38.25,36.87
171,DL Vettori,17,caught,9,West Indies,30.22,4503,149,2012,1,29.6,27.05,30.4,38.54,37.43,37.57,36.56
172,DL Vettori,13,caught,9,West Indies,30.11,4516,150,2012,1,27.8,25.65,30.57,35.85,37.68,36.78,36.71
173,DL Vettori,15,lbw,6,Pakistan,30.01,4531,151,2014,1,19.7,25.85,30.87,35.69,36.06,37.02,36.28
