,Name,Runs,Dismissal,Pos,Opposition,Ave,RunTally,DisTally,Date,Out,rolling10,rolling20,rolling30,rolling40,rolling50,rolling70,rolling100
0,ER Dexter,52,lbw,6,New Zealand,52.0,52,1,1958,1,,,,,,,
1,ER Dexter,1,lbw,6,Australia,26.5,53,2,1959,1,,,,,,,
2,ER Dexter,11,caught,6,Australia,21.33,64,3,1959,1,,,,,,,
3,ER Dexter,0,caught,6,Australia,16.0,64,4,1959,1,,,,,,,
4,ER Dexter,6,caught,6,Australia,14.0,70,5,1959,1,,,,,,,
5,ER Dexter,141,bowled,6,New Zealand,35.17,211,6,1959,1,,,,,,,
6,ER Dexter,1,caught,6,New Zealand,30.29,212,7,1959,1,,,,,,,
7,ER Dexter,13,caught,6,India,28.12,225,8,1959,1,,,,,,,
8,ER Dexter,45,caught,3,India,30.0,270,9,1959,1,,,,,,,
9,ER Dexter,0,caught,6,India,27.0,270,10,1959,1,27.0,,,,,,
10,ER Dexter,136,not out,6,West Indies,40.6,406,10,1960,0,39.33,,,,,,
11,ER Dexter,77,caught,5,West Indies,43.91,483,11,1960,1,47.78,,,,,,
12,ER Dexter,0,bowled,5,West Indies,40.25,483,12,1960,1,46.56,,,,,,
13,ER Dexter,25,caught,5,West Indies,39.08,508,13,1960,1,49.33,,,,,,
14,ER Dexter,16,bowled,5,West Indies,37.43,524,14,1960,1,50.44,,,,,,
15,ER Dexter,39,caught,5,West Indies,37.53,563,15,1960,1,39.11,,,,,,
16,ER Dexter,110,caught,3,West Indies,42.06,673,16,1960,1,51.22,,,,,,
17,ER Dexter,76,caught,3,West Indies,44.06,749,17,1960,1,58.22,,,,,,
18,ER Dexter,47,run out,4,West Indies,44.22,796,18,1960,1,58.44,,,,,,
19,ER Dexter,52,bowled,3,South Africa,44.63,848,19,1960,1,64.22,44.63,,,,,
20,ER Dexter,26,bowled,3,South Africa,43.7,874,20,1960,1,46.8,43.26,,,,,
21,ER Dexter,56,caught,3,South Africa,44.29,930,21,1960,1,44.7,46.16,,,,,
22,ER Dexter,3,bowled,3,South Africa,42.41,933,22,1960,1,45.0,45.74,,,,,
23,ER Dexter,0,caught,3,South Africa,40.57,933,23,1960,1,42.5,45.74,,,,,
24,ER Dexter,38,bowled,3,South Africa,40.46,971,24,1960,1,44.7,47.42,,,,,
25,ER Dexter,22,caught,3,South Africa,39.72,993,25,1960,1,43.0,41.16,,,,,
26,ER Dexter,28,bowled,3,South Africa,39.27,1021,26,1960,1,34.8,42.58,,,,,
27,ER Dexter,16,bowled,3,South Africa,38.41,1037,27,1960,1,28.8,42.74,,,,,
28,ER Dexter,10,caught,3,Australia,37.39,1047,28,1961,1,25.1,40.89,,,,,
29,ER Dexter,180,stumped,3,Australia,42.31,1227,29,1961,1,37.9,50.37,42.31,,,,
30,ER Dexter,27,caught,3,Australia,41.8,1254,30,1961,1,38.0,42.4,41.45,,,,
31,ER Dexter,17,bowled,3,Australia,41.0,1271,31,1961,1,34.1,39.4,42.0,,,,
32,ER Dexter,28,bowled,5,Australia,40.59,1299,32,1961,1,36.6,40.8,42.59,,,,
33,ER Dexter,16,caught,3,Australia,39.85,1315,33,1961,1,38.2,40.35,43.14,,,,
34,ER Dexter,76,caught,3,Australia,40.91,1391,34,1961,1,42.0,43.35,45.55,,,,
35,ER Dexter,24,caught,5,Australia,40.43,1415,35,1961,1,42.2,42.6,41.52,,,,
36,ER Dexter,0,caught,3,Australia,39.31,1415,36,1961,1,39.4,37.1,41.48,,,,
37,ER Dexter,20,other,5,Pakistan,38.78,1435,37,1961,1,39.8,34.3,41.72,,,,
38,ER Dexter,66,not out,5,Pakistan,40.57,1501,37,1961,0,50.44,37.11,43.96,,,,
39,ER Dexter,85,bowled,5,India,41.74,1586,38,1961,1,39.89,38.84,47.0,41.74,,,
40,ER Dexter,27,caught,5,India,41.36,1613,39,1961,1,39.89,38.89,41.62,41.08,,,
41,ER Dexter,2,caught,5,India,40.38,1615,40,1961,1,38.22,36.05,39.03,41.11,,,
42,ER Dexter,126,not out,5,India,43.52,1741,40,1961,0,55.25,44.89,44.93,45.32,,,
43,ER Dexter,45,not out,5,India,44.65,1786,40,1961,0,67.29,50.18,47.33,47.83,,,
44,ER Dexter,57,bowled,5,India,44.95,1843,41,1961,1,64.57,51.29,48.85,49.25,,,
45,ER Dexter,62,lbw,4,India,45.36,1905,42,1961,1,70.0,53.65,49.7,47.06,,,
46,ER Dexter,2,bowled,4,India,44.35,1907,43,1962,1,70.29,52.12,45.7,47.08,,,
47,ER Dexter,3,caught,4,India,43.41,1910,44,1962,1,67.86,51.35,43.0,46.81,,,
48,ER Dexter,12,bowled,5,Pakistan,42.71,1922,45,1962,1,52.62,51.47,41.7,45.89,,,
49,ER Dexter,205,caught,3,Pakistan,46.24,2127,46,1962,1,67.62,52.94,47.37,51.58,46.24,,
50,ER Dexter,72,caught,3,Pakistan,46.79,2199,47,1962,1,73.25,55.59,49.07,48.46,46.67,,
51,ER Dexter,65,caught,3,Pakistan,47.17,2264,48,1962,1,81.12,58.41,49.41,48.14,48.07,,
52,ER Dexter,32,not out,3,Pakistan,47.83,2296,48,1962,0,69.38,62.31,52.42,50.36,49.6,,
53,ER Dexter,20,bowled,3,Pakistan,47.27,2316,49,1962,1,58.89,62.56,53.19,50.22,50.04,,
54,ER Dexter,85,caught,3,Pakistan,48.02,2401,50,1962,1,62.0,63.12,55.0,52.14,51.8,,
55,ER Dexter,172,bowled,3,Pakistan,50.45,2573,51,1962,1,74.22,72.38,60.77,55.83,52.49,,
56,ER Dexter,70,bowled,3,Australia,50.83,2643,52,1962,1,81.78,76.75,62.38,54.72,54.02,,
57,ER Dexter,99,bowled,3,Australia,51.74,2742,53,1962,1,92.44,81.69,65.58,55.36,55.93,,
58,ER Dexter,93,caught,3,Australia,52.5,2835,54,1962,1,101.44,78.47,68.77,56.64,57.0,,
59,ER Dexter,52,run out,3,Australia,52.49,2887,55,1962,1,84.44,76.53,63.85,56.64,58.16,,
60,ER Dexter,32,caught,3,Australia,52.12,2919,56,1963,1,80.0,76.82,64.04,56.81,54.63,,
61,ER Dexter,11,caught,3,Australia,51.4,2930,57,1963,1,74.0,77.35,63.81,55.56,53.2,,
62,ER Dexter,61,caught,5,Australia,51.57,2991,58,1963,1,69.5,69.44,65.08,57.17,54.52,,
63,ER Dexter,10,caught,5,Australia,50.86,3001,59,1963,1,68.5,63.95,64.85,57.44,54.2,,
64,ER Dexter,47,caught,4,Australia,50.8,3048,60,1963,1,64.7,63.42,63.73,57.69,54.87,,
65,ER Dexter,6,stumped,4,Australia,50.07,3054,61,1963,1,48.1,60.47,63.04,57.25,54.15,,
66,ER Dexter,7,caught,4,New Zealand,49.37,3061,62,1963,1,41.8,60.74,63.31,56.67,51.91,,
67,ER Dexter,31,bowled,4,New Zealand,49.08,3092,63,1963,1,35.0,62.21,63.73,57.08,50.93,,
68,ER Dexter,46,bowled,4,New Zealand,49.03,3138,64,1963,1,30.3,64.0,60.63,58.08,50.91,,
69,ER Dexter,73,caught,5,West Indies,49.4,3211,65,1963,1,32.4,57.05,60.19,55.11,51.37,49.4,
70,ER Dexter,35,caught,6,West Indies,49.18,3246,66,1963,1,32.7,55.11,60.48,55.33,51.57,49.14,
71,ER Dexter,70,lbw,3,West Indies,49.49,3316,67,1963,1,38.6,55.37,63.0,56.81,51.87,50.2,
72,ER Dexter,2,bowled,3,West Indies,48.79,3318,68,1963,1,32.7,51.1,56.32,56.08,51.85,50.06,
73,ER Dexter,29,bowled,3,West Indies,48.51,3347,69,1963,1,34.6,51.55,53.83,56.44,52.48,50.51,
74,ER Dexter,57,stumped,5,West Indies,48.63,3404,70,1963,1,35.6,50.15,53.83,55.92,52.89,51.29,
75,ER Dexter,8,bowled,3,West Indies,48.06,3412,71,1963,1,35.8,41.95,51.97,55.47,52.59,49.25,
76,ER Dexter,10,lbw,3,West Indies,47.53,3422,72,1963,1,36.1,38.95,52.24,55.75,52.2,49.38,
77,ER Dexter,29,caught,3,West Indies,47.27,3451,73,1963,1,35.9,35.45,53.14,56.0,52.48,49.63,
78,ER Dexter,27,caught,3,West Indies,47.0,3478,74,1963,1,34.0,32.15,53.66,53.43,52.85,49.35,
79,ER Dexter,9,caught,3,Australia,46.49,3487,75,1964,1,27.6,30.0,46.9,51.38,49.13,49.49,
80,ER Dexter,68,caught,1,Australia,46.78,3555,76,1964,1,30.9,31.8,46.76,52.49,50.02,47.71,
81,ER Dexter,2,bowled,1,Australia,46.19,3557,77,1964,1,24.1,31.35,44.59,52.49,49.7,46.58,
82,ER Dexter,66,caught,3,Australia,46.45,3623,78,1964,1,30.5,31.6,44.23,49.53,50.52,47.58,
83,ER Dexter,17,caught,5,Australia,46.08,3640,79,1964,1,29.3,31.95,44.13,47.54,50.54,47.45,
84,ER Dexter,174,bowled,3,Australia,47.68,3814,80,1964,1,41.0,38.3,47.1,50.54,52.67,49.85,
85,ER Dexter,23,caught,3,Australia,47.37,3837,81,1964,1,42.5,39.15,42.13,49.54,52.65,49.61,
86,ER Dexter,25,caught,3,Australia,47.1,3862,82,1964,1,44.0,40.05,40.63,50.13,53.2,48.32,
87,ER Dexter,28,caught,3,South Africa,46.87,3890,83,1964,1,43.9,39.9,38.27,50.77,53.37,47.59,
88,ER Dexter,172,caught,3,South Africa,48.36,4062,84,1964,1,58.4,46.2,40.9,54.87,54.49,49.48,
89,ER Dexter,61,caught,3,South Africa,48.51,4123,85,1965,1,63.6,45.6,41.2,51.18,53.98,49.62,
90,ER Dexter,38,caught,3,South Africa,48.38,4161,86,1965,1,60.6,45.75,41.4,50.31,54.21,49.8,
91,ER Dexter,0,caught,3,South Africa,47.83,4161,87,1965,1,60.4,42.25,41.03,48.64,54.17,48.95,
92,ER Dexter,40,run out,4,South Africa,47.74,4201,88,1965,1,57.8,44.15,40.33,47.62,51.25,49.52,
93,ER Dexter,5,not out,3,South Africa,47.8,4206,88,1965,0,62.89,45.21,41.55,48.46,50.42,50.35,
94,ER Dexter,57,caught,3,New Zealand,47.9,4263,89,1965,1,49.89,45.21,41.9,47.74,50.42,50.65,
95,ER Dexter,0,not out,3,New Zealand,47.9,4263,89,1965,0,53.25,47.28,43.18,44.47,50.17,51.09,
96,ER Dexter,62,caught,3,New Zealand,48.06,4325,90,1965,1,57.88,50.17,45.14,44.26,51.45,51.62,
97,ER Dexter,80,not out,4,New Zealand,48.94,4405,90,1965,0,73.57,56.12,48.63,44.95,54.24,53.46,
98,ER Dexter,10,bowled,3,Australia,48.52,4415,91,1968,1,50.43,55.12,47.3,42.7,54.2,53.46,
99,ER Dexter,38,bowled,3,Australia,48.4,4453,92,1968,1,47.14,56.82,46.0,42.32,50.57,51.21,48.4
100,ER Dexter,21,bowled,3,Australia,48.11,4474,93,1968,1,44.71,54.06,45.48,42.03,49.46,51.11,48.07
101,ER Dexter,28,bowled,3,Australia,47.89,4502,94,1968,1,48.71,55.59,43.93,42.49,48.65,51.29,48.36
