,Name,Runs,Dismissal,Pos,Opposition,Ave,RunTally,DisTally,Date,Out,rolling10,rolling20,rolling30,rolling40,rolling50,rolling70,rolling100
0,Ijaz Ahmed,3,caught,6,India,3.0,3,1,1987,1,,,,,,,
1,Ijaz Ahmed,50,caught,8,England,26.5,53,2,1987,1,,,,,,,
2,Ijaz Ahmed,20,lbw,6,England,24.33,73,3,1987,1,,,,,,,
3,Ijaz Ahmed,11,bowled,6,England,21.0,84,4,1987,1,,,,,,,
4,Ijaz Ahmed,69,caught,7,England,30.6,153,5,1987,1,,,,,,,
5,Ijaz Ahmed,44,bowled,5,England,32.83,197,6,1987,1,,,,,,,
6,Ijaz Ahmed,11,caught,5,England,29.71,208,7,1987,1,,,,,,,
7,Ijaz Ahmed,0,run out,5,England,26.0,208,8,1987,1,,,,,,,
8,Ijaz Ahmed,31,caught,6,West Indies,26.56,239,9,1988,1,,,,,,,
9,Ijaz Ahmed,3,caught,7,West Indies,24.2,242,10,1988,1,24.2,,,,,,
10,Ijaz Ahmed,43,stumped,7,West Indies,25.91,285,11,1988,1,28.2,,,,,,
11,Ijaz Ahmed,12,caught,7,Australia,24.75,297,12,1988,1,24.4,,,,,,
12,Ijaz Ahmed,122,bowled,6,Australia,32.23,419,13,1988,1,34.6,,,,,,
13,Ijaz Ahmed,0,caught,6,Australia,29.93,419,14,1988,1,33.5,,,,,,
14,Ijaz Ahmed,23,lbw,6,Australia,29.47,442,15,1988,1,28.9,,,,,,
15,Ijaz Ahmed,15,caught,6,Australia,28.56,457,16,1988,1,26.0,,,,,,
16,Ijaz Ahmed,19,caught,5,Australia,28.0,476,17,1990,1,26.8,,,,,,
17,Ijaz Ahmed,121,caught,5,Australia,33.17,597,18,1990,1,38.9,,,,,,
18,Ijaz Ahmed,28,caught,5,Australia,32.89,625,19,1990,1,38.6,,,,,,
19,Ijaz Ahmed,4,caught,4,Australia,31.45,629,20,1990,1,38.7,31.45,,,,,
20,Ijaz Ahmed,8,caught,5,Australia,30.33,637,21,1990,1,35.2,31.7,,,,,
21,Ijaz Ahmed,9,bowled,6,New Zealand,29.36,646,22,1990,1,34.9,29.65,,,,,
22,Ijaz Ahmed,86,caught,5,New Zealand,31.83,732,23,1990,1,31.3,32.95,,,,,
23,Ijaz Ahmed,5,caught,5,New Zealand,30.71,737,24,1990,1,31.8,32.65,,,,,
24,Ijaz Ahmed,6,caught,6,New Zealand,29.72,743,25,1990,1,30.1,29.5,,,,,
25,Ijaz Ahmed,48,caught,5,Australia,30.42,791,26,1994,1,33.4,29.7,,,,,
26,Ijaz Ahmed,6,lbw,5,Australia,29.52,797,27,1994,1,32.1,29.45,,,,,
27,Ijaz Ahmed,19,bowled,5,South Africa,29.14,816,28,1995,1,21.9,30.4,,,,,
28,Ijaz Ahmed,1,caught,6,South Africa,28.17,817,29,1995,1,19.2,28.9,,,,,
29,Ijaz Ahmed,65,caught,6,Zimbabwe,29.4,882,30,1995,1,25.3,32.0,29.4,,,,
30,Ijaz Ahmed,2,caught,5,Zimbabwe,28.52,884,31,1995,1,24.7,29.95,29.37,,,,
31,Ijaz Ahmed,76,bowled,6,Zimbabwe,30.0,960,32,1995,1,31.4,33.15,30.23,,,,
32,Ijaz Ahmed,41,lbw,5,Zimbabwe,30.33,1001,33,1995,1,26.9,29.1,30.93,,,,
33,Ijaz Ahmed,55,caught,5,Zimbabwe,31.06,1056,34,1995,1,31.9,31.85,32.4,,,,
34,Ijaz Ahmed,34,not out,6,Australia,32.06,1090,34,1995,0,38.56,34.11,32.31,,,,
35,Ijaz Ahmed,4,lbw,5,Australia,31.26,1094,35,1995,1,33.67,33.53,30.93,,,,
36,Ijaz Ahmed,137,caught,3,Australia,34.19,1231,36,1995,1,48.22,39.74,35.28,,,,
37,Ijaz Ahmed,15,lbw,3,Australia,33.68,1246,37,1995,1,47.78,34.16,35.79,,,,
38,Ijaz Ahmed,30,caught,3,New Zealand,33.58,1276,38,1995,1,51.0,34.26,35.76,,,,
39,Ijaz Ahmed,103,caught,3,New Zealand,35.36,1379,39,1995,1,55.22,39.47,39.21,35.36,,,
40,Ijaz Ahmed,1,bowled,3,England,34.5,1380,40,1996,1,55.11,39.11,37.76,35.31,,,
41,Ijaz Ahmed,76,lbw,3,England,35.51,1456,41,1996,1,55.11,42.63,39.97,35.97,,,
42,Ijaz Ahmed,141,caught,3,England,38.02,1597,42,1996,1,66.22,45.53,40.62,39.08,,,
43,Ijaz Ahmed,52,caught,3,England,38.35,1649,43,1996,1,65.89,48.0,42.41,40.13,,,
44,Ijaz Ahmed,61,caught,3,England,38.86,1710,44,1996,1,62.0,50.89,43.72,39.92,,,
45,Ijaz Ahmed,13,not out,3,England,39.16,1723,44,1996,0,69.89,51.78,45.21,40.16,,,
46,Ijaz Ahmed,9,lbw,4,Zimbabwe,38.49,1732,45,1996,1,55.67,51.94,44.86,40.11,,,
47,Ijaz Ahmed,2,caught,3,Zimbabwe,37.7,1734,46,1996,1,54.22,51.0,40.61,40.16,,,
48,Ijaz Ahmed,3,lbw,3,New Zealand,36.96,1737,47,1996,1,51.22,51.11,39.71,39.42,,,
49,Ijaz Ahmed,8,bowled,3,New Zealand,36.35,1745,48,1996,1,40.67,47.94,39.86,39.55,36.35,,
50,Ijaz Ahmed,125,lbw,3,New Zealand,38.16,1870,49,1996,1,54.44,54.78,44.04,41.71,38.9,,
51,Ijaz Ahmed,113,caught,3,Sri Lanka,39.66,1983,50,1997,1,58.56,56.83,47.75,44.37,40.21,,
52,Ijaz Ahmed,4,caught,3,Sri Lanka,38.96,1987,51,1997,1,43.33,54.78,44.82,41.26,39.88,,
53,Ijaz Ahmed,47,caught,3,Sri Lanka,39.12,2034,52,1997,1,42.78,54.33,46.32,42.5,40.62,,
54,Ijaz Ahmed,11,bowled,4,South Africa,38.58,2045,53,1997,1,37.22,50.26,46.5,42.18,39.42,,
55,Ijaz Ahmed,16,bowled,4,South Africa,38.17,2061,54,1997,1,33.8,50.89,45.36,42.21,38.83,,
56,Ijaz Ahmed,16,lbw,3,South Africa,37.76,2077,55,1997,1,34.5,44.53,45.71,42.13,38.94,,
57,Ijaz Ahmed,0,lbw,4,South Africa,37.09,2077,56,1997,1,34.3,43.74,45.04,38.95,38.94,,
58,Ijaz Ahmed,65,caught,3,West Indies,37.58,2142,57,1997,1,40.5,45.58,47.32,39.92,39.65,,
59,Ijaz Ahmed,10,caught,3,West Indies,37.1,2152,58,1997,1,40.7,40.68,45.36,40.08,39.79,,
60,Ijaz Ahmed,151,caught,2,West Indies,39.03,2303,59,1997,1,43.3,48.58,50.68,43.84,42.04,,
61,Ijaz Ahmed,34,caught,3,South Africa,38.95,2337,60,1998,1,35.4,46.37,49.18,44.5,42.5,,
62,Ijaz Ahmed,2,caught,3,South Africa,38.34,2339,61,1998,1,35.2,39.05,47.79,42.29,40.0,,
63,Ijaz Ahmed,24,bowled,3,South Africa,38.11,2363,62,1998,1,32.9,37.58,46.68,42.79,40.5,,
64,Ijaz Ahmed,0,caught,3,South Africa,37.51,2363,63,1998,1,31.8,34.37,43.9,42.63,40.02,,
65,Ijaz Ahmed,15,lbw,2,South Africa,37.16,2378,64,1998,1,31.7,32.75,44.28,41.76,40.02,,
66,Ijaz Ahmed,23,caught,3,Zimbabwe,36.94,2401,65,1998,1,32.4,33.45,40.34,42.21,40.1,,
67,Ijaz Ahmed,15,not out,7,Zimbabwe,37.17,2416,65,1998,0,37.67,35.89,41.79,43.24,38.7,,
68,Ijaz Ahmed,155,caught,3,Australia,38.95,2571,66,1998,1,47.67,43.89,46.25,47.41,41.4,,
69,Ijaz Ahmed,5,caught,3,Australia,38.45,2576,67,1998,1,47.11,43.74,42.75,45.78,41.43,38.45,
70,Ijaz Ahmed,120,not out,3,Australia,40.24,2696,67,1998,0,49.12,45.89,48.74,50.33,44.76,40.8,
71,Ijaz Ahmed,87,caught,3,Zimbabwe,40.93,2783,68,1998,1,55.75,44.44,49.15,50.64,46.46,41.36,
72,Ijaz Ahmed,0,caught,3,Zimbabwe,40.33,2783,69,1998,1,55.5,44.22,43.93,49.5,44.59,41.06,
73,Ijaz Ahmed,16,caught,3,Zimbabwe,39.99,2799,70,1998,1,54.5,42.5,42.59,48.42,44.83,41.14,
74,Ijaz Ahmed,13,lbw,3,India,39.61,2812,71,1999,1,56.12,42.61,40.81,46.54,44.98,40.29,
75,Ijaz Ahmed,11,caught,3,India,39.21,2823,72,1999,1,55.62,42.33,39.29,46.73,44.17,39.79,
76,Ijaz Ahmed,17,caught,3,India,38.9,2840,73,1999,1,54.88,42.39,39.57,43.49,44.41,39.88,
77,Ijaz Ahmed,0,lbw,3,India,38.38,2840,74,1999,1,47.11,42.39,39.5,43.08,44.0,39.88,
78,Ijaz Ahmed,1,lbw,3,India,37.88,2841,75,1999,1,30.0,38.83,39.43,42.3,44.0,39.42,
79,Ijaz Ahmed,11,caught,4,India,37.53,2852,76,1999,1,30.67,38.89,39.54,39.81,42.83,39.55,
80,Ijaz Ahmed,211,stumped,3,Sri Lanka,39.78,3063,77,1999,1,36.7,42.22,42.61,45.49,47.37,42.09,
81,Ijaz Ahmed,0,caught,3,Australia,39.27,3063,78,1999,1,28.0,40.33,38.57,43.43,45.72,41.91,
82,Ijaz Ahmed,5,caught,3,Australia,38.84,3068,79,1999,1,28.5,40.5,38.61,39.76,44.93,40.14,
83,Ijaz Ahmed,6,caught,3,Australia,38.42,3074,80,1999,1,27.5,39.5,37.14,38.51,43.87,40.23,
84,Ijaz Ahmed,82,caught,4,Australia,38.96,3156,81,1999,1,34.4,44.06,39.68,39.08,43.96,41.12,
85,Ijaz Ahmed,1,bowled,3,Australia,38.5,3157,82,1999,1,33.4,43.28,39.14,37.74,43.89,40.91,
86,Ijaz Ahmed,115,caught,3,Australia,39.42,3272,83,1999,1,43.2,48.39,42.68,40.53,43.43,42.36,
87,Ijaz Ahmed,7,lbw,3,Sri Lanka,39.04,3279,84,2000,1,43.9,45.42,42.93,40.66,43.26,40.64,
88,Ijaz Ahmed,3,caught,3,Sri Lanka,38.61,3282,85,2000,1,44.1,37.42,40.71,40.66,42.68,40.26,
89,Ijaz Ahmed,11,other,2,New Zealand,38.29,3293,86,2001,1,44.1,37.74,40.75,40.74,40.72,40.36,
90,Ijaz Ahmed,5,caught,2,New Zealand,37.91,3298,87,2001,1,23.5,30.1,35.54,37.58,40.81,40.32,
91,Ijaz Ahmed,17,caught,2,New Zealand,37.67,3315,88,2001,1,25.2,26.6,34.93,35.05,39.55,40.44,
