,Name,Runs,Dismissal,Pos,Opposition,Ave,RunTally,DisTally,Date,Out,rolling10,rolling20,rolling30,rolling40,rolling50,rolling70,rolling100
0,IJL Trott,41,run out,5,Australia,41.0,41,1,2009,1,,,,,,,
1,IJL Trott,119,caught,5,Australia,80.0,160,2,2009,1,,,,,,,
2,IJL Trott,28,bowled,3,South Africa,62.67,188,3,2009,1,,,,,,,
3,IJL Trott,69,caught,4,South Africa,64.25,257,4,2009,1,,,,,,,
4,IJL Trott,18,caught,3,South Africa,55.0,275,5,2009,1,,,,,,,
5,IJL Trott,20,bowled,3,South Africa,49.17,295,6,2010,1,,,,,,,
6,IJL Trott,42,bowled,3,South Africa,48.14,337,7,2010,1,,,,,,,
7,IJL Trott,5,lbw,3,South Africa,42.75,342,8,2010,1,,,,,,,
8,IJL Trott,8,caught,3,South Africa,38.89,350,9,2010,1,,,,,,,
9,IJL Trott,39,caught,3,Bangladesh,38.9,389,10,2010,1,38.9,,,,,,
10,IJL Trott,14,caught,3,Bangladesh,36.64,403,11,2010,1,36.2,,,,,,
11,IJL Trott,64,bowled,2,Bangladesh,38.92,467,12,2010,1,30.7,,,,,,
12,IJL Trott,19,run out,2,Bangladesh,37.38,486,13,2010,1,29.8,,,,,,
13,IJL Trott,226,caught,3,Bangladesh,50.86,712,14,2010,1,45.5,,,,,,
14,IJL Trott,36,not out,3,Bangladesh,53.43,748,14,2010,0,52.56,,,,,,
15,IJL Trott,3,bowled,3,Bangladesh,50.07,751,15,2010,1,50.67,,,,,,
16,IJL Trott,38,lbw,3,Pakistan,49.31,789,16,2010,1,50.22,,,,,,
17,IJL Trott,26,bowled,3,Pakistan,47.94,815,17,2010,1,52.56,,,,,,
18,IJL Trott,55,caught,3,Pakistan,48.33,870,18,2010,1,57.78,,,,,,
19,IJL Trott,53,not out,3,Pakistan,51.28,923,18,2010,0,66.75,51.28,,,,,
20,IJL Trott,12,caught,3,Pakistan,49.21,935,19,2010,1,66.5,49.67,,,,,
21,IJL Trott,36,caught,4,Pakistan,48.55,971,20,2010,1,63.0,45.06,,,,,
22,IJL Trott,184,caught,3,Pakistan,55.0,1155,21,2010,1,83.62,53.72,,,,,
23,IJL Trott,29,bowled,3,Australia,53.82,1184,22,2010,1,59.0,51.5,,,,,
24,IJL Trott,135,not out,3,Australia,59.95,1319,22,2010,0,71.38,61.41,,,,,
25,IJL Trott,78,caught,3,Australia,60.74,1397,23,2010,1,80.75,64.82,,,,,
26,IJL Trott,4,lbw,3,Australia,58.38,1401,24,2010,1,76.5,62.59,,,,,
27,IJL Trott,31,caught,3,Australia,57.28,1432,25,2010,1,77.12,64.12,,,,,
28,IJL Trott,168,not out,3,Australia,64.0,1600,25,2010,0,104.29,78.12,,,,,
29,IJL Trott,0,bowled,3,Australia,61.54,1600,26,2011,1,84.62,75.69,61.54,,,,
30,IJL Trott,203,bowled,4,Sri Lanka,66.78,1803,27,2011,1,108.5,87.5,67.77,,,,
31,IJL Trott,2,lbw,3,Sri Lanka,64.46,1805,28,2011,1,104.25,83.62,63.27,,,,
32,IJL Trott,58,bowled,3,Sri Lanka,64.24,1863,29,2011,1,88.5,86.06,64.42,,,,
33,IJL Trott,4,caught,3,Sri Lanka,62.23,1867,30,2011,1,85.38,72.19,61.92,,,,
34,IJL Trott,70,lbw,3,India,62.48,1937,31,2011,1,68.67,69.94,63.92,,,,
35,IJL Trott,22,bowled,3,India,61.22,1959,32,2011,1,62.44,71.06,64.0,,,,
36,IJL Trott,4,caught,3,India,59.48,1963,33,2011,1,62.44,69.06,62.54,,,,
37,IJL Trott,2,caught,7,India,57.79,1965,34,2011,1,59.22,67.65,62.42,,,,
38,IJL Trott,17,caught,3,Pakistan,56.63,1982,35,2012,1,38.2,65.41,62.77,,,,
39,IJL Trott,49,caught,3,Pakistan,56.42,2031,36,2012,1,43.1,61.56,63.15,56.42,,,
40,IJL Trott,74,bowled,3,Pakistan,56.89,2105,37,2012,1,30.2,65.0,65.46,57.33,,,
41,IJL Trott,1,lbw,7,Pakistan,55.42,2106,38,2012,1,30.1,63.06,63.04,54.06,,,
42,IJL Trott,2,lbw,3,Pakistan,54.05,2108,39,2012,1,24.5,52.94,62.38,53.33,,,
43,IJL Trott,18,caught,3,Pakistan,53.15,2126,40,2012,1,25.9,52.33,54.38,51.92,,,
44,IJL Trott,12,stumped,3,Sri Lanka,52.15,2138,41,2012,1,20.1,43.11,51.48,51.75,,,
45,IJL Trott,112,caught,3,Sri Lanka,53.57,2250,42,2012,1,29.1,44.89,55.52,54.31,,,
46,IJL Trott,64,caught,3,Sri Lanka,53.81,2314,43,2012,1,35.1,48.05,56.48,54.92,,,
47,IJL Trott,5,lbw,3,Sri Lanka,52.7,2319,44,2012,1,35.4,46.68,55.7,54.92,,,
48,IJL Trott,58,caught,3,West Indies,52.82,2377,45,2012,1,39.5,38.85,55.81,56.31,,,
49,IJL Trott,13,caught,4,West Indies,51.96,2390,46,2012,1,35.9,39.5,52.39,55.58,51.96,,
50,IJL Trott,35,lbw,3,West Indies,51.6,2425,47,2012,1,32.0,31.1,53.21,56.17,51.83,,
51,IJL Trott,17,not out,3,West Indies,51.96,2442,47,2012,0,37.33,33.53,54.48,56.43,50.71,,
52,IJL Trott,17,bowled,3,West Indies,51.23,2459,48,2012,1,39.0,31.37,48.3,56.37,50.47,,
53,IJL Trott,71,caught,3,South Africa,51.63,2530,49,2012,1,44.89,34.89,49.85,51.94,50.51,,
54,IJL Trott,10,caught,3,South Africa,50.8,2540,50,2012,1,44.67,31.74,43.61,49.78,50.33,,
55,IJL Trott,35,caught,3,South Africa,50.49,2575,51,2012,1,36.11,32.42,42.07,50.67,50.67,,
56,IJL Trott,30,not out,4,South Africa,51.08,2605,51,2012,0,36.38,35.67,44.59,51.89,51.55,,
57,IJL Trott,8,lbw,3,South Africa,50.25,2613,52,2012,1,36.75,36.0,43.74,51.37,51.61,,
58,IJL Trott,63,caught,3,South Africa,50.49,2676,53,2012,1,37.38,38.56,38.43,51.6,52.86,,
59,IJL Trott,0,caught,4,India,49.56,2676,54,2012,1,35.75,35.83,38.43,48.69,51.98,,
60,IJL Trott,17,caught,3,India,48.96,2693,55,2012,1,33.5,32.67,31.79,48.83,52.05,,
61,IJL Trott,0,lbw,3,India,48.09,2693,56,2012,1,27.89,32.61,31.71,47.83,50.59,,
62,IJL Trott,87,caught,3,India,48.77,2780,57,2012,1,35.67,37.33,32.75,45.14,52.14,,
63,IJL Trott,3,lbw,3,India,47.98,2783,58,2012,1,28.11,36.5,32.71,44.42,47.07,,
64,IJL Trott,44,bowled,3,India,47.92,2827,59,2012,1,31.89,38.28,31.79,40.76,46.2,,
65,IJL Trott,143,caught,3,India,49.5,2970,60,2012,1,43.89,40.0,36.11,42.51,49.31,,
66,IJL Trott,45,caught,3,New Zealand,49.43,3015,61,2013,1,41.0,38.94,37.57,43.62,49.47,,
67,IJL Trott,52,caught,4,New Zealand,49.47,3067,62,2013,1,45.4,41.56,39.36,44.19,50.04,,
68,IJL Trott,121,caught,3,New Zealand,50.6,3188,63,2013,1,51.2,45.06,43.07,41.79,51.51,,
69,IJL Trott,27,lbw,3,New Zealand,50.23,3215,64,2013,1,53.9,45.83,42.29,42.5,49.83,50.23,
70,IJL Trott,37,caught,3,New Zealand,50.03,3252,65,2013,1,55.9,45.94,40.96,38.13,50.37,50.17,
71,IJL Trott,39,caught,3,New Zealand,49.86,3291,66,2013,1,59.8,44.68,42.32,39.11,50.43,48.92,
72,IJL Trott,56,bowled,3,New Zealand,49.96,3347,67,2013,1,56.7,46.74,44.25,39.05,47.65,49.36,
73,IJL Trott,28,caught,3,New Zealand,49.63,3375,68,2013,1,59.2,44.47,44.61,39.68,47.63,48.72,
74,IJL Trott,76,caught,3,New Zealand,50.01,3451,69,2013,1,62.4,47.95,46.89,39.84,45.36,49.62,
75,IJL Trott,48,bowled,3,Australia,49.99,3499,70,2013,1,52.9,48.63,44.61,40.53,44.72,50.06,
76,IJL Trott,0,lbw,3,Australia,49.28,3499,71,2013,1,48.4,44.7,42.32,40.42,44.64,49.41,
77,IJL Trott,58,caught,3,Australia,49.4,3557,72,2013,1,49.0,47.2,44.21,41.89,45.21,50.23,
78,IJL Trott,0,bowled,3,Australia,48.73,3557,73,2013,1,36.9,44.05,42.14,41.45,40.77,50.11,
79,IJL Trott,5,caught,4,Australia,48.14,3562,74,2013,1,34.7,44.3,41.86,40.29,40.88,49.58,
80,IJL Trott,11,caught,3,Australia,47.64,3573,75,2013,1,32.1,44.0,41.0,38.63,36.88,49.53,
81,IJL Trott,49,caught,3,Australia,47.66,3622,76,2013,1,33.1,46.45,40.69,39.89,37.85,49.3,
82,IJL Trott,23,caught,3,Australia,47.34,3645,77,2013,1,29.8,43.25,40.9,40.45,37.12,49.36,
83,IJL Trott,40,lbw,3,Australia,47.24,3685,78,2013,1,31.0,45.1,39.83,41.03,37.88,46.45,
84,IJL Trott,59,lbw,3,Australia,47.39,3744,79,2013,1,29.3,45.85,41.52,42.26,37.65,46.09,
85,IJL Trott,10,caught,3,Australia,46.92,3754,80,2013,1,25.5,39.2,40.66,39.58,37.4,46.2,
86,IJL Trott,9,caught,3,Australia,46.46,3763,81,2013,1,26.4,37.4,38.6,38.13,37.5,45.75,
87,IJL Trott,0,caught,2,West Indies,45.89,3763,82,2015,1,20.6,34.8,38.33,38.0,37.46,45.35,
88,IJL Trott,4,caught,2,West Indies,45.39,3767,83,2015,1,21.0,28.95,36.37,36.58,37.19,44.57,
89,IJL Trott,59,caught,2,West Indies,45.55,3826,84,2015,1,26.4,30.55,38.33,37.79,37.4,43.98,
90,IJL Trott,0,bowled,2,West Indies,45.01,3826,85,2015,1,25.3,28.7,37.77,36.87,35.85,43.8,
91,IJL Trott,0,caught,2,West Indies,44.49,3826,86,2015,1,20.4,26.75,37.77,35.49,35.83,43.26,
92,IJL Trott,9,lbw,2,West Indies,44.08,3835,87,2015,1,19.0,24.4,35.17,35.28,35.98,40.61,
