,Name,Runs,Dismissal,Pos,Opposition,Ave,RunTally,DisTally,Date,Out,rolling10,rolling20,rolling30,rolling40,rolling50,rolling70,rolling100
0,IVA Richards,4,caught,4,India,4.0,4,1,1974,1,,,,,,,
1,IVA Richards,3,caught,4,India,3.5,7,2,1974,1,,,,,,,
2,IVA Richards,192,not out,5,India,99.5,199,2,1974,0,,,,,,,
3,IVA Richards,15,run out,4,India,71.33,214,3,1974,1,,,,,,,
4,IVA Richards,47,bowled,4,India,65.25,261,4,1974,1,,,,,,,
5,IVA Richards,50,caught,5,India,62.2,311,5,1975,1,,,,,,,
6,IVA Richards,2,caught,5,India,52.17,313,6,1975,1,,,,,,,
7,IVA Richards,1,caught,6,India,44.86,314,7,1975,1,,,,,,,
8,IVA Richards,39,not out,5,India,50.43,353,7,1975,0,,,,,,,
9,IVA Richards,7,bowled,4,Pakistan,45.0,360,8,1975,1,45.0,,,,,,
10,IVA Richards,0,lbw,4,Pakistan,40.0,360,9,1975,1,44.5,,,,,,
11,IVA Richards,10,lbw,4,Pakistan,37.0,370,10,1975,1,45.38,,,,,,
12,IVA Richards,0,caught,5,Australia,33.64,370,11,1975,1,19.0,,,,,,
13,IVA Richards,12,run out,7,Australia,31.83,382,12,1975,1,18.67,,,,,,
14,IVA Richards,12,caught,5,Australia,30.31,394,13,1975,1,14.78,,,,,,
15,IVA Richards,41,bowled,5,Australia,31.07,435,14,1975,1,13.78,,,,,,
16,IVA Richards,36,caught,5,Australia,31.4,471,15,1975,1,17.56,,,,,,
17,IVA Richards,44,caught,5,Australia,32.19,515,16,1976,1,22.33,,,,,,
18,IVA Richards,2,caught,3,Australia,30.41,517,17,1976,1,16.4,,,,,,
19,IVA Richards,30,caught,2,Australia,30.39,547,18,1976,1,18.7,30.39,,,,,
20,IVA Richards,101,bowled,2,Australia,34.11,648,19,1976,1,28.8,35.78,,,,,
21,IVA Richards,50,caught,2,Australia,34.9,698,20,1976,1,32.8,38.39,,,,,
22,IVA Richards,98,caught,2,Australia,37.9,796,21,1976,1,42.6,31.42,,,,,
23,IVA Richards,142,caught,3,India,42.64,938,22,1976,1,55.6,38.11,,,,,
24,IVA Richards,130,bowled,3,India,46.43,1068,23,1976,1,67.4,42.47,,,,,
25,IVA Richards,20,run out,4,India,45.33,1088,24,1976,1,65.3,40.89,,,,,
26,IVA Richards,177,caught,3,India,50.6,1265,25,1976,1,79.4,50.11,,,,,
27,IVA Richards,23,caught,3,India,49.54,1288,26,1976,1,77.3,51.26,,,,,
28,IVA Richards,64,bowled,3,India,50.07,1352,27,1976,1,83.5,49.95,,,,,
29,IVA Richards,232,caught,3,England,56.57,1584,28,1976,1,103.7,61.2,56.57,,,,
30,IVA Richards,63,lbw,3,England,56.79,1647,29,1976,1,99.9,64.35,58.68,,,,
31,IVA Richards,4,bowled,3,England,55.03,1651,30,1976,1,95.3,64.05,58.71,,,,
32,IVA Richards,135,lbw,3,England,57.61,1786,31,1976,1,99.0,70.8,54.72,,,,
33,IVA Richards,66,caught,3,England,57.88,1852,32,1976,1,91.4,73.5,56.48,,,,
34,IVA Richards,38,bowled,3,England,57.27,1890,33,1976,1,82.2,74.8,56.17,,,,
35,IVA Richards,291,bowled,3,England,64.15,2181,34,1976,1,109.3,87.3,64.48,,,,
36,IVA Richards,32,caught,3,Pakistan,63.23,2213,35,1977,1,94.8,87.1,65.52,,,,
37,IVA Richards,92,caught,3,Pakistan,64.03,2305,36,1977,1,101.7,89.5,68.66,,,,
38,IVA Richards,4,bowled,3,Pakistan,62.41,2309,37,1977,1,95.7,89.6,65.2,,,,
39,IVA Richards,30,bowled,3,Pakistan,61.55,2339,38,1977,1,75.5,89.6,65.97,61.55,,,
40,IVA Richards,50,lbw,3,Pakistan,61.26,2389,39,1977,1,74.2,87.05,67.63,62.76,,,
41,IVA Richards,4,bowled,3,Pakistan,59.82,2393,40,1977,1,74.2,84.75,67.43,62.79,,,
42,IVA Richards,33,stumped,3,Pakistan,59.17,2426,41,1977,1,64.0,81.5,68.53,57.1,,,
43,IVA Richards,5,caught,3,Pakistan,57.88,2431,42,1977,1,57.9,74.65,68.3,56.85,,,
44,IVA Richards,7,bowled,3,Pakistan,56.7,2438,43,1977,1,54.8,68.5,68.13,55.82,,,
45,IVA Richards,39,lbw,3,Australia,56.3,2477,44,1978,1,29.6,69.45,68.07,55.54,,,
46,IVA Richards,23,caught,3,Australia,55.56,2500,45,1978,1,28.7,61.75,67.63,56.08,,,
47,IVA Richards,140,caught,3,Australia,57.39,2640,46,1979,1,33.5,67.6,70.83,59.64,,,
48,IVA Richards,96,caught,3,Australia,58.21,2736,47,1979,1,42.7,69.2,73.97,59.58,,,
49,IVA Richards,76,caught,3,Australia,58.58,2812,48,1980,1,47.3,61.4,75.5,61.3,58.58,,
50,IVA Richards,74,bowled,3,Australia,58.9,2886,49,1980,1,49.7,61.95,74.6,63.15,60.04,,
51,IVA Richards,64,caught,3,England,59.0,2950,50,1980,1,55.7,64.95,75.07,64.5,61.31,,
52,IVA Richards,48,lbw,3,England,58.78,2998,51,1980,1,57.2,60.6,73.4,65.7,57.12,,
53,IVA Richards,145,caught,3,England,60.44,3143,52,1980,1,71.2,64.55,73.5,69.03,59.78,,
54,IVA Richards,65,bowled,3,England,60.53,3208,53,1980,1,77.0,65.9,71.33,70.35,60.14,,
55,IVA Richards,26,caught,3,England,59.89,3234,54,1980,1,75.7,52.65,71.53,69.97,59.65,,
56,IVA Richards,31,bowled,3,England,59.36,3265,55,1980,1,76.5,52.6,66.67,69.85,60.24,,
57,IVA Richards,75,bowled,3,Pakistan,59.64,3340,56,1980,1,70.0,51.75,68.4,70.62,61.76,,
58,IVA Richards,72,bowled,3,Pakistan,59.86,3412,57,1980,1,67.6,55.15,68.67,72.38,61.18,,
59,IVA Richards,67,caught,5,Pakistan,59.98,3479,58,1980,1,66.7,57.0,63.17,73.3,62.38,,
60,IVA Richards,18,caught,3,Pakistan,59.27,3497,59,1980,1,61.1,55.4,61.67,71.22,62.74,,
61,IVA Richards,120,not out,3,Pakistan,61.31,3617,59,1980,0,74.11,64.42,67.79,74.85,66.27,,
62,IVA Richards,12,caught,3,Pakistan,60.48,3629,60,1980,1,70.11,63.32,63.55,72.64,66.51,,
63,IVA Richards,29,caught,3,England,59.97,3658,61,1981,1,57.22,64.58,62.28,69.74,66.86,,
64,IVA Richards,0,caught,3,England,59.0,3658,62,1981,1,50.0,64.21,60.97,66.41,66.61,,
65,IVA Richards,182,not out,4,England,61.94,3840,62,1981,0,75.75,75.72,59.25,72.42,70.94,,
66,IVA Richards,114,caught,3,England,62.76,3954,63,1981,1,86.12,80.78,62.18,70.76,72.56,,
67,IVA Richards,15,caught,3,England,62.02,3969,64,1981,1,78.62,73.83,59.43,70.55,71.96,,
68,IVA Richards,2,bowled,4,Australia,61.09,3971,65,1981,1,69.88,68.61,59.36,68.92,71.96,,
69,IVA Richards,0,bowled,3,Australia,60.17,3971,66,1981,1,61.5,64.39,58.29,62.82,71.33,60.17,
70,IVA Richards,44,caught,3,Australia,59.93,4015,67,1982,1,64.75,62.72,58.07,62.32,70.15,60.77,
71,IVA Richards,22,caught,3,Australia,59.37,4037,68,1982,1,46.67,60.39,58.71,62.79,69.56,61.06,
72,IVA Richards,42,caught,3,Australia,59.12,4079,69,1982,1,50.0,60.06,59.04,60.34,68.4,57.91,
73,IVA Richards,50,bowled,3,Australia,58.99,4129,70,1982,1,52.33,54.78,60.64,59.92,66.48,58.43,
74,IVA Richards,29,caught,3,India,58.56,4158,71,1983,1,55.56,52.78,61.43,59.68,64.38,58.16,
75,IVA Richards,61,caught,4,India,58.6,4219,72,1983,1,37.9,54.72,62.21,53.63,65.23,58.33,
76,IVA Richards,1,caught,3,India,57.81,4220,73,1983,1,26.6,53.06,61.43,52.82,61.56,58.31,
77,IVA Richards,109,caught,3,India,58.5,4329,74,1983,1,36.0,54.94,60.32,53.26,63.35,59.93,
78,IVA Richards,80,caught,3,India,58.79,4409,75,1983,1,43.8,55.39,59.75,55.26,63.69,59.65,
79,IVA Richards,2,caught,4,India,58.04,4411,76,1983,1,44.0,51.78,57.11,54.53,58.9,59.57,
80,IVA Richards,24,caught,3,India,57.6,4435,77,1983,1,42.0,52.11,55.32,53.84,58.08,59.93,
81,IVA Richards,67,lbw,4,India,57.72,4502,78,1983,1,46.5,46.58,55.43,55.5,59.4,60.76,
82,IVA Richards,22,caught,3,India,57.27,4524,79,1983,1,44.5,47.11,54.5,55.21,57.04,61.09,
83,IVA Richards,8,caught,3,India,56.65,4532,80,1983,1,40.3,46.0,49.61,55.29,55.83,61.03,
84,IVA Richards,20,caught,3,India,56.2,4552,81,1983,1,39.4,47.05,48.0,55.63,55.46,61.15,
85,IVA Richards,120,stumped,4,India,56.98,4672,82,1983,1,45.3,41.6,51.36,57.76,51.9,62.31,
86,IVA Richards,4,caught,4,India,56.34,4676,83,1983,1,45.6,36.1,50.39,57.26,51.31,61.84,
87,IVA Richards,9,caught,3,India,55.77,4685,84,1983,1,35.6,35.8,48.04,53.82,49.58,61.32,
88,IVA Richards,32,caught,3,India,55.49,4717,85,1983,1,30.8,37.3,46.61,52.13,50.17,61.76,
89,IVA Richards,8,caught,4,Australia,54.94,4725,86,1984,1,31.4,37.7,44.5,50.34,49.71,61.44,
90,IVA Richards,76,caught,4,Australia,55.18,4801,87,1984,1,36.6,39.3,46.57,50.39,50.25,61.07,
91,IVA Richards,6,bowled,4,Australia,54.62,4807,88,1984,1,30.5,38.5,41.03,48.87,50.29,60.43,
92,IVA Richards,178,caught,4,Australia,56.01,4985,89,1984,1,46.1,45.3,46.76,52.29,53.31,61.6,
93,IVA Richards,2,run out,4,Australia,55.41,4987,90,1984,1,45.5,42.9,45.83,48.53,53.25,59.54,
94,IVA Richards,117,caught,4,England,56.09,5104,91,1984,1,55.2,47.3,49.86,49.89,55.54,59.35,
95,IVA Richards,72,lbw,4,England,56.26,5176,92,1984,1,50.4,47.85,44.53,51.11,56.23,60.12,
96,IVA Richards,15,caught,4,England,55.82,5191,93,1984,1,51.5,48.55,41.23,50.68,56.06,57.74,
97,IVA Richards,22,not out,4,England,56.05,5213,93,1984,0,58.67,46.53,42.9,50.62,54.74,58.58,
98,IVA Richards,1,caught,4,England,55.47,5214,94,1984,1,55.22,42.37,42.86,48.7,52.72,57.64,
99,IVA Richards,8,caught,4,England,54.97,5222,95,1984,1,55.22,42.68,43.14,47.11,51.28,54.3,54.97
100,IVA Richards,15,lbw,4,England,54.55,5237,96,1984,1,48.44,42.21,42.14,47.03,50.02,53.58,55.08
101,IVA Richards,10,caught,5,Australia,54.09,5247,97,1984,1,48.89,39.21,41.72,42.89,48.87,53.67,55.16
102,IVA Richards,6,caught,5,Australia,53.6,5253,98,1984,1,29.78,38.37,40.48,42.74,47.98,51.75,52.65
103,IVA Richards,3,not out,4,Australia,53.63,5256,98,1984,0,33.62,40.22,40.25,43.19,45.93,51.58,53.07
104,IVA Richards,0,caught,5,Australia,53.09,5256,99,1984,1,19.0,39.11,39.21,43.19,44.52,51.0,52.58
105,IVA Richards,42,caught,6,Australia,52.98,5298,100,1984,1,15.25,34.78,38.54,38.37,44.87,47.23,52.49
106,IVA Richards,208,caught,5,Australia,54.51,5506,101,1984,1,39.38,46.11,45.93,40.84,48.72,49.89,54.66
107,IVA Richards,0,lbw,5,Australia,53.98,5506,102,1984,1,32.56,45.61,42.04,40.45,47.09,48.5,54.65
108,IVA Richards,15,caught,5,Australia,53.6,5521,103,1984,1,34.11,44.67,39.71,40.79,45.85,48.67,53.83
109,IVA Richards,58,bowled,5,Australia,53.64,5579,104,1984,1,39.67,47.44,41.71,42.32,45.65,49.09,54.36
110,IVA Richards,57,bowled,5,New Zealand,53.68,5636,105,1985,1,44.33,46.39,42.89,42.66,46.5,49.2,54.96
111,IVA Richards,78,bowled,4,New Zealand,53.91,5714,106,1985,1,51.89,50.39,43.29,44.13,44.62,50.32,55.67
112,IVA Richards,40,stumped,5,New Zealand,53.78,5754,107,1985,1,55.67,42.72,43.93,44.08,45.21,50.42,56.08
113,IVA Richards,7,not out,8,New Zealand,53.84,5761,107,1985,0,56.11,45.53,45.52,44.11,45.72,51.23,56.62
114,IVA Richards,105,caught,6,New Zealand,54.31,5866,108,1985,1,67.78,44.82,48.67,46.16,48.0,52.74,57.6
115,IVA Richards,23,lbw,5,New Zealand,54.03,5889,109,1985,1,65.67,41.94,45.07,45.14,43.6,52.49,57.41
116,IVA Richards,23,lbw,7,England,53.75,5912,110,1986,1,45.11,42.41,45.78,45.73,41.66,52.49,57.27
117,IVA Richards,34,caught,6,England,53.57,5946,111,1986,1,48.89,40.72,46.7,43.7,42.06,50.86,57.17
118,IVA Richards,51,caught,5,England,53.54,5997,112,1986,1,52.89,43.5,47.41,42.92,43.11,50.17,57.68
119,IVA Richards,87,lbw,5,England,53.84,6084,113,1986,1,56.11,47.89,50.33,45.22,44.96,50.34,58.28
120,IVA Richards,26,caught,5,England,53.6,6110,114,1986,1,52.67,48.5,48.48,45.27,44.57,49.6,57.49
121,IVA Richards,110,not out,3,England,54.56,6220,114,1986,0,63.25,57.24,54.35,47.72,47.46,51.09,58.74
122,IVA Richards,33,caught,8,Pakistan,54.37,6253,115,1986,1,62.38,58.82,48.77,48.03,47.26,50.86,58.05
123,IVA Richards,0,caught,5,Pakistan,53.91,6253,116,1986,1,54.67,55.39,48.69,47.81,46.17,48.59,56.54
124,IVA Richards,44,caught,5,Pakistan,53.82,6297,117,1986,1,47.89,57.83,45.88,48.47,46.5,48.27,55.63
125,IVA Richards,70,caught,5,Pakistan,53.96,6367,118,1986,1,53.11,59.39,45.81,47.08,46.7,48.95,56.16
126,IVA Richards,28,caught,5,Pakistan,53.74,6395,119,1986,1,53.67,49.39,46.31,47.75,47.28,48.91,54.57
127,IVA Richards,24,caught,5,New Zealand,53.49,6419,120,1987,1,52.56,50.72,44.67,48.17,45.43,48.11,54.59
128,IVA Richards,14,bowled,5,New Zealand,53.17,6433,121,1987,1,48.44,50.67,45.15,47.67,44.0,47.2,54.05
129,IVA Richards,1,caught,5,New Zealand,52.74,6434,122,1987,1,38.89,47.5,44.89,47.47,43.98,46.17,51.6
130,IVA Richards,38,caught,5,New Zealand,52.62,6472,123,1987,1,40.22,46.44,45.74,46.42,44.28,46.48,51.33
131,IVA Richards,9,caught,4,India,52.27,6481,124,1987,1,26.1,42.61,45.7,46.5,43.02,44.06,51.38
132,IVA Richards,109,not out,5,India,53.15,6590,124,1987,0,37.44,49.18,51.42,45.86,45.91,46.27,51.66
133,IVA Richards,37,bowled,4,India,53.02,6627,125,1987,1,41.56,48.11,50.78,46.86,46.56,46.39,51.34
134,IVA Richards,68,caught,4,India,53.13,6695,126,1987,1,44.22,46.06,53.3,45.46,47.62,47.45,51.67
135,IVA Richards,68,bowled,4,India,53.25,6763,127,1988,1,44.0,48.56,54.26,45.34,46.47,44.97,49.27
136,IVA Richards,4,caught,4,India,52.87,6767,128,1988,1,41.33,47.5,46.7,45.03,46.47,43.28,48.97
137,IVA Richards,49,caught,5,Pakistan,52.84,6816,129,1988,1,44.11,48.33,48.52,44.53,47.36,43.8,48.51
138,IVA Richards,123,lbw,5,Pakistan,53.38,6939,130,1988,1,56.22,52.33,52.52,47.92,49.38,45.66,49.78
139,IVA Richards,67,caught,5,Pakistan,53.48,7006,131,1988,1,63.56,51.22,52.85,49.56,50.69,46.69,50.18
140,IVA Richards,39,bowled,5,Pakistan,53.37,7045,132,1988,1,63.67,51.94,52.19,50.22,49.87,46.62,50.06
141,IVA Richards,80,caught,4,England,53.57,7125,133,1988,1,71.56,47.63,52.26,52.17,51.51,47.51,50.88
142,IVA Richards,6,caught,4,England,53.22,7131,134,1988,1,54.1,46.21,51.0,52.17,47.69,46.95,50.59
143,IVA Richards,72,bowled,4,England,53.36,7203,135,1988,1,57.6,50.0,51.5,52.62,49.24,47.29,51.31
144,IVA Richards,47,bowled,4,England,53.31,7250,136,1988,1,55.5,50.16,49.43,53.89,47.69,47.57,51.74
145,IVA Richards,18,caught,4,England,53.05,7268,137,1988,1,50.5,47.42,49.25,53.24,46.49,46.91,51.52
146,IVA Richards,0,caught,4,England,52.67,7268,138,1988,1,50.1,45.95,48.43,47.62,46.16,46.89,51.27
147,IVA Richards,68,caught,5,Australia,52.78,7336,139,1988,1,52.0,48.26,49.64,49.46,46.15,46.26,50.49
148,IVA Richards,146,caught,5,Australia,53.44,7482,140,1988,1,54.3,55.21,53.04,53.0,49.3,47.28,51.03
149,IVA Richards,5,lbw,5,Australia,53.1,7487,141,1988,1,48.1,55.42,50.11,51.57,49.24,47.32,50.27
150,IVA Richards,12,caught,5,Australia,52.81,7499,142,1988,1,45.4,54.05,49.61,50.35,49.17,47.14,49.6
151,IVA Richards,63,lbw,6,Australia,52.88,7562,143,1988,1,43.7,56.89,46.28,49.95,50.33,47.08,49.59
152,IVA Richards,11,caught,5,Australia,52.59,7573,144,1989,1,44.2,49.15,45.52,49.16,50.43,46.91,49.19
153,IVA Richards,4,caught,5,Australia,52.26,7577,145,1989,1,37.4,47.5,45.66,47.79,49.38,46.85,47.68
154,IVA Richards,69,caught,5,Australia,52.37,7646,146,1989,1,39.6,47.55,46.52,46.84,50.85,47.6,47.72
155,IVA Richards,68,not out,5,Australia,52.84,7714,146,1989,0,49.56,50.05,48.11,49.32,52.52,47.53,48.7
156,IVA Richards,5,bowled,5,India,52.51,7719,147,1989,1,50.11,50.11,47.29,48.84,48.11,47.55,48.41
157,IVA Richards,1,caught,5,India,52.16,7720,148,1989,1,42.67,47.58,46.46,47.95,48.13,47.42,47.61
158,IVA Richards,19,bowled,5,India,51.94,7739,149,1989,1,28.56,42.11,46.64,47.08,48.22,47.22,47.03
159,IVA Richards,0,caught,5,India,51.59,7739,150,1989,1,28.0,38.58,46.61,44.73,46.96,47.09,46.3
160,IVA Richards,110,caught,5,India,51.98,7849,151,1989,1,38.89,42.32,49.18,47.0,48.11,47.62,47.3
161,IVA Richards,21,lbw,6,England,51.78,7870,152,1990,1,34.22,39.21,49.61,43.42,46.87,47.86,45.73
162,IVA Richards,37,bowled,6,England,51.68,7907,153,1990,1,37.11,40.84,45.41,43.53,46.8,45.66,46.0
163,IVA Richards,70,caught,5,England,51.8,7977,154,1990,1,44.44,40.74,46.55,45.37,47.15,46.72,46.44
164,IVA Richards,12,caught,4,England,51.54,7989,155,1990,1,38.11,38.89,44.62,44.53,45.17,45.08,46.57
165,IVA Richards,1,caught,5,England,51.22,7990,156,1990,1,27.6,38.0,42.31,42.71,44.7,43.97,44.15
166,IVA Richards,11,caught,5,Australia,50.96,8001,157,1991,1,28.2,38.58,42.55,42.26,44.45,43.91,43.05
167,IVA Richards,52,not out,5,Australia,51.29,8053,157,1991,0,37.0,39.83,44.18,44.16,45.8,44.38,43.91
168,IVA Richards,50,bowled,5,Australia,51.28,8103,158,1991,1,40.44,34.5,41.57,45.14,45.78,45.14,44.43
169,IVA Richards,2,caught,6,Australia,50.97,8105,159,1991,1,40.67,34.33,39.25,45.16,43.93,45.05,44.45
170,IVA Richards,32,caught,5,Australia,50.86,8137,160,1991,1,32.0,35.44,39.0,45.0,44.07,45.31,44.32
171,IVA Richards,25,lbw,6,Australia,50.7,8162,161,1991,1,32.44,33.33,37.04,45.43,41.32,45.55,44.35
172,IVA Richards,0,lbw,5,Australia,50.38,8162,162,1991,1,28.33,32.72,36.82,41.37,40.62,45.45,43.9
173,IVA Richards,2,caught,5,Australia,50.09,8164,163,1991,1,20.78,32.61,34.32,40.45,40.66,44.74,43.39
174,IVA Richards,73,caught,5,England,50.23,8237,164,1991,1,27.56,32.83,35.25,40.58,41.28,45.86,43.86
175,IVA Richards,3,caught,5,England,49.94,8240,165,1991,1,27.78,27.68,34.71,38.87,39.85,45.26,43.24
176,IVA Richards,63,lbw,5,England,50.02,8303,166,1991,1,33.56,30.74,36.96,40.42,40.6,43.03,43.9
177,IVA Richards,80,bowled,5,England,50.2,8383,167,1991,1,33.0,34.89,37.39,41.24,41.79,44.26,43.59
178,IVA Richards,22,caught,5,England,50.03,8405,168,1991,1,30.2,35.05,32.96,38.58,41.96,44.37,42.97
179,IVA Richards,73,not out,5,England,50.46,8478,168,1991,0,41.44,41.06,36.7,39.78,44.43,45.3,44.21
180,IVA Richards,2,caught,8,England,50.18,8480,169,1991,1,38.11,35.06,36.33,38.78,43.65,44.44,43.97
181,IVA Richards,60,caught,6,England,50.24,8540,170,1991,1,42.0,37.22,36.22,38.24,44.76,44.16,43.89
