,Name,Runs,Dismissal,Pos,Opposition,Ave,RunTally,DisTally,Date,Out,rolling10,rolling20,rolling30,rolling40,rolling50,rolling70,rolling100
0,MA Butcher,8,caught,1,Australia,8.0,8,1,1997,1,,,,,,,
1,MA Butcher,14,lbw,1,Australia,11.0,22,2,1997,1,,,,,,,
2,MA Butcher,5,caught,1,Australia,9.0,27,3,1997,1,,,,,,,
3,MA Butcher,87,bowled,1,Australia,28.5,114,4,1997,1,,,,,,,
4,MA Butcher,51,stumped,1,Australia,33.0,165,5,1997,1,,,,,,,
5,MA Butcher,28,caught,1,Australia,32.17,193,6,1997,1,,,,,,,
6,MA Butcher,24,caught,1,Australia,31.0,217,7,1997,1,,,,,,,
7,MA Butcher,19,caught,1,Australia,29.5,236,8,1997,1,,,,,,,
8,MA Butcher,5,bowled,1,Australia,26.78,241,9,1997,1,,,,,,,
9,MA Butcher,13,lbw,1,Australia,25.4,254,10,1997,1,25.4,,,,,,
10,MA Butcher,0,caught,3,West Indies,23.09,254,11,1998,1,24.6,,,,,,
11,MA Butcher,28,caught,7,West Indies,23.5,282,12,1998,1,26.0,,,,,,
12,MA Butcher,24,not out,6,West Indies,25.5,306,12,1998,0,31.0,,,,,,
13,MA Butcher,11,lbw,3,West Indies,24.38,317,13,1998,1,22.56,,,,,,
14,MA Butcher,17,lbw,3,West Indies,23.86,334,14,1998,1,18.78,,,,,,
15,MA Butcher,19,caught,3,West Indies,23.53,353,15,1998,1,17.78,,,,,,
16,MA Butcher,26,caught,3,West Indies,23.69,379,16,1998,1,18.0,,,,,,
17,MA Butcher,0,caught,3,West Indies,22.29,379,17,1998,1,15.89,,,,,,
18,MA Butcher,0,caught,3,West Indies,21.06,379,18,1998,1,15.33,,,,,,
19,MA Butcher,77,caught,1,South Africa,24.0,456,19,1998,1,22.44,24.0,,,,,
20,MA Butcher,11,lbw,1,South Africa,23.35,467,20,1998,1,23.67,24.16,,,,,
21,MA Butcher,75,lbw,1,South Africa,25.81,542,21,1998,1,28.89,27.37,,,,,
22,MA Butcher,22,caught,1,South Africa,25.64,564,22,1998,1,25.8,28.26,,,,,
23,MA Butcher,116,bowled,1,South Africa,29.57,680,23,1998,1,36.3,29.79,,,,,
24,MA Butcher,37,caught,1,South Africa,29.88,717,24,1998,1,38.3,29.05,,,,,
25,MA Butcher,10,caught,1,Sri Lanka,29.08,727,25,1998,1,37.4,28.11,,,,,
26,MA Butcher,15,stumped,1,Sri Lanka,28.54,742,26,1998,1,36.3,27.63,,,,,
27,MA Butcher,116,caught,1,Australia,31.78,858,27,1998,1,47.9,32.74,,,,,
28,MA Butcher,40,lbw,1,Australia,32.07,898,28,1998,1,51.9,34.58,,,,,
29,MA Butcher,0,caught,1,Australia,30.97,898,29,1998,1,44.2,33.89,30.97,,,,
30,MA Butcher,1,caught,1,Australia,29.97,899,30,1998,1,43.2,33.95,30.72,,,,
31,MA Butcher,6,lbw,1,Australia,29.19,905,31,1998,1,36.3,32.79,30.45,,,,
32,MA Butcher,19,caught,1,Australia,28.88,924,32,1998,1,36.0,30.9,30.93,,,,
33,MA Butcher,0,caught,3,Australia,28.0,924,33,1998,1,24.4,30.35,27.93,,,,
34,MA Butcher,14,caught,3,Australia,27.59,938,34,1998,1,22.1,30.2,26.66,,,,
35,MA Butcher,36,lbw,1,Australia,27.83,974,35,1999,1,24.7,31.05,26.93,,,,
36,MA Butcher,27,stumped,1,Australia,27.81,1001,36,1999,1,25.9,31.1,27.03,,,,
37,MA Butcher,11,run out,1,New Zealand,27.35,1012,37,1999,1,15.4,31.65,26.76,,,,
38,MA Butcher,33,caught,1,New Zealand,27.5,1045,38,1999,1,14.7,33.3,27.72,,,,
39,MA Butcher,8,caught,1,New Zealand,27.0,1053,39,1999,1,15.5,29.85,27.55,27.0,,,
40,MA Butcher,20,caught,1,New Zealand,26.82,1073,40,1999,1,17.4,30.3,28.24,27.31,,,
41,MA Butcher,5,caught,1,New Zealand,26.29,1078,41,1999,1,17.3,26.8,27.45,27.08,,,
42,MA Butcher,9,lbw,1,New Zealand,25.88,1087,42,1999,1,16.3,26.15,26.03,27.18,,,
43,MA Butcher,1,caught,1,South Africa,25.3,1088,43,1999,1,16.4,20.4,25.7,24.97,,,
44,MA Butcher,32,lbw,1,South Africa,25.45,1120,44,1999,1,18.2,20.15,26.2,24.49,,,
45,MA Butcher,4,bowled,1,South Africa,24.98,1124,45,1999,1,15.0,19.85,25.7,23.87,,,
46,MA Butcher,1,lbw,1,South Africa,24.46,1125,46,1999,1,12.4,19.15,24.87,23.28,,,
47,MA Butcher,48,caught,1,South Africa,24.96,1173,47,1999,1,16.1,15.75,26.47,24.03,,,
48,MA Butcher,40,caught,1,South Africa,25.27,1213,48,2000,1,16.8,15.75,27.8,24.92,,,
49,MA Butcher,4,caught,1,South Africa,24.84,1217,49,2000,1,16.4,15.95,25.37,24.69,24.84,,
50,MA Butcher,36,lbw,1,South Africa,25.06,1253,50,2000,1,18.0,17.7,26.2,25.62,25.41,,
51,MA Butcher,38,caught,3,Australia,25.31,1291,51,2001,1,21.3,19.3,24.97,25.87,25.9,,
52,MA Butcher,41,caught,3,Australia,25.62,1332,52,2001,1,24.5,20.4,25.6,25.65,26.63,,
53,MA Butcher,21,caught,3,Australia,25.53,1353,53,2001,1,26.5,21.45,22.43,25.9,25.29,,
54,MA Butcher,83,caught,3,Australia,26.59,1436,54,2001,1,31.6,24.9,23.97,27.55,25.94,,
55,MA Butcher,13,caught,3,Australia,26.35,1449,55,2001,1,32.5,23.75,24.07,27.4,25.63,,
56,MA Butcher,1,lbw,3,Australia,25.89,1450,56,2001,1,32.5,22.45,23.6,26.78,25.16,,
57,MA Butcher,47,run out,3,Australia,26.26,1497,57,2001,1,32.4,24.25,21.3,27.95,25.73,,
58,MA Butcher,173,not out,3,Australia,29.3,1670,57,2001,0,50.78,32.89,26.62,33.1,29.77,,
59,MA Butcher,25,caught,3,Australia,29.22,1695,58,2001,1,53.11,33.79,27.48,31.77,30.02,,
60,MA Butcher,14,caught,3,Australia,28.97,1709,59,2001,1,50.67,33.47,27.93,31.85,30.31,,
61,MA Butcher,4,caught,1,India,28.55,1713,60,2001,1,46.89,33.42,27.86,30.03,29.81,,
62,MA Butcher,18,caught,1,India,28.38,1731,61,2001,1,44.33,33.89,27.83,29.92,29.08,,
63,MA Butcher,51,caught,1,India,28.74,1782,62,2001,1,47.67,36.53,29.59,28.26,29.9,,
64,MA Butcher,92,caught,1,India,29.75,1874,63,2001,1,48.67,39.68,32.28,29.67,31.43,,
65,MA Butcher,27,run out,1,India,29.7,1901,64,2001,1,50.22,40.89,31.97,30.1,31.59,,
66,MA Butcher,23,not out,1,India,30.06,1924,64,2001,0,59.25,44.39,32.96,31.11,32.19,,
67,MA Butcher,0,caught,3,New Zealand,29.6,1924,65,2002,1,53.38,41.72,32.57,28.05,32.19,,
68,MA Butcher,34,other,3,New Zealand,29.67,1958,66,2002,1,32.0,41.39,32.61,27.89,32.9,,
69,MA Butcher,47,caught,3,New Zealand,29.93,2005,67,2002,1,34.44,43.78,34.0,29.13,32.27,29.93,
70,MA Butcher,60,caught,3,New Zealand,30.37,2065,68,2002,1,39.56,45.11,35.43,30.68,33.29,30.7,
71,MA Butcher,0,caught,3,New Zealand,29.93,2065,69,2002,1,39.11,43.0,35.25,30.53,31.73,30.49,
72,MA Butcher,35,caught,3,New Zealand,30.0,2100,70,2002,1,41.0,42.67,36.18,30.95,32.0,30.94,
73,MA Butcher,17,caught,3,Sri Lanka,29.82,2117,71,2002,1,37.22,42.44,36.75,31.39,29.94,29.9,
74,MA Butcher,105,run out,3,Sri Lanka,30.86,2222,72,2002,1,38.67,43.67,39.36,33.79,31.35,30.7,
75,MA Butcher,94,bowled,3,Sri Lanka,31.73,2316,73,2002,1,46.11,48.17,42.57,35.32,33.1,31.69,
76,MA Butcher,123,lbw,3,Sri Lanka,32.96,2439,74,2002,1,51.5,54.94,46.93,37.84,35.35,33.16,
77,MA Butcher,29,caught,1,India,32.91,2468,75,2002,1,54.4,53.94,46.25,38.32,33.54,33.31,
78,MA Butcher,18,lbw,1,India,32.71,2486,76,2002,1,52.8,42.95,45.46,37.92,33.08,33.51,
79,MA Butcher,53,caught,3,India,32.97,2539,77,2002,1,53.4,44.42,47.21,39.11,34.19,34.1,
80,MA Butcher,16,lbw,3,India,32.76,2555,78,2002,1,49.0,44.53,46.5,39.0,34.5,34.34,
81,MA Butcher,42,caught,3,India,32.87,2597,79,2002,1,53.2,46.53,46.64,39.97,35.25,34.55,
82,MA Butcher,54,caught,3,India,33.14,2651,80,2002,1,55.1,48.42,47.11,41.16,35.98,34.49,
83,MA Butcher,54,caught,3,Australia,33.4,2705,81,2002,1,58.8,48.58,48.29,42.55,37.1,35.12,
84,MA Butcher,40,caught,3,Australia,33.48,2745,82,2002,1,52.3,45.84,46.75,42.76,37.65,35.46,
85,MA Butcher,22,caught,5,Australia,33.34,2767,83,2002,1,45.1,45.58,47.07,43.24,37.35,35.5,
86,MA Butcher,4,lbw,3,Australia,32.99,2771,84,2002,1,33.2,42.35,47.18,43.32,36.88,35.18,
87,MA Butcher,9,run out,3,Australia,32.71,2780,85,2002,1,31.2,42.8,45.82,42.29,36.83,35.31,
88,MA Butcher,0,lbw,4,Australia,32.33,2780,86,2002,1,29.4,41.1,38.28,41.24,36.15,35.31,
89,MA Butcher,25,lbw,3,Australia,32.24,2805,87,2002,1,26.6,40.0,38.28,41.79,36.5,34.54,
90,MA Butcher,6,caught,3,Australia,31.94,2811,88,2002,1,25.6,37.3,38.0,41.0,36.21,34.47,
91,MA Butcher,124,bowled,3,Australia,32.98,2935,89,2003,1,33.8,43.5,42.14,43.26,38.69,35.19,
92,MA Butcher,34,caught,3,Australia,32.99,2969,90,2003,1,31.8,43.45,42.69,43.08,39.21,35.37,
93,MA Butcher,137,caught,3,Zimbabwe,34.13,3106,91,2003,1,40.1,49.45,45.66,46.13,42.04,35.68,
94,MA Butcher,47,bowled,3,Zimbabwe,34.27,3153,92,2003,1,40.8,46.55,44.1,45.18,42.35,35.82,
95,MA Butcher,13,lbw,3,South Africa,34.04,3166,93,2003,1,39.9,42.5,43.62,45.18,42.54,35.87,
96,MA Butcher,19,caught,3,South Africa,33.88,3185,94,2003,1,41.4,37.3,42.03,45.66,42.92,35.93,
97,MA Butcher,70,caught,3,South Africa,34.26,3255,95,2003,1,47.5,39.35,44.37,46.26,43.38,35.25,
98,MA Butcher,106,caught,3,South Africa,35.01,3361,96,2003,1,58.1,43.75,46.77,43.36,44.75,36.22,
99,MA Butcher,8,bowled,3,South Africa,34.73,3369,97,2003,1,56.4,41.5,45.47,42.92,44.83,36.34,34.73
100,MA Butcher,77,caught,3,South Africa,35.16,3446,98,2003,1,63.5,44.55,46.03,44.54,45.69,37.46,35.44
101,MA Butcher,61,caught,3,South Africa,35.42,3507,99,2003,1,57.2,45.5,48.07,46.0,46.17,38.26,35.93
102,MA Butcher,32,lbw,3,South Africa,35.39,3539,100,2003,1,57.0,44.4,47.97,46.36,45.98,38.46,36.21
103,MA Butcher,20,not out,3,South Africa,35.59,3559,100,2003,0,50.33,44.95,49.72,46.76,46.94,39.33,35.89
104,MA Butcher,0,lbw,3,Bangladesh,35.24,3559,101,2003,1,45.11,42.84,46.1,44.34,45.17,39.12,35.35
105,MA Butcher,8,lbw,3,Bangladesh,34.97,3567,102,2003,1,44.56,42.11,43.14,43.84,45.06,38.7,35.15
106,MA Butcher,6,bowled,3,Bangladesh,34.69,3573,103,2003,1,43.11,42.21,39.1,42.28,45.17,38.39,34.96
107,MA Butcher,42,caught,1,Bangladesh,34.76,3615,104,2003,1,40.0,43.95,39.55,43.36,45.06,38.85,35.2
108,MA Butcher,51,caught,3,Sri Lanka,34.91,3666,105,2003,1,33.89,46.63,40.69,43.79,41.58,39.12,35.68
109,MA Butcher,54,caught,3,Sri Lanka,35.09,3720,106,2003,1,39.0,48.16,40.72,43.97,42.19,39.81,36.1
110,MA Butcher,4,stumped,3,Sri Lanka,34.8,3724,107,2003,1,30.89,48.05,40.31,42.54,41.98,39.57,36.15
111,MA Butcher,6,stumped,3,Sri Lanka,34.54,3730,108,2003,1,24.78,41.84,39.07,42.69,42.02,39.58,35.92
112,MA Butcher,23,caught,3,Sri Lanka,34.43,3753,109,2003,1,23.78,41.26,38.0,42.38,42.12,39.79,35.54
113,MA Butcher,37,bowled,3,Sri Lanka,34.45,3790,110,2003,1,23.1,36.0,37.41,42.9,41.83,40.33,35.8
114,MA Butcher,58,caught,3,West Indies,34.67,3848,111,2004,1,28.9,36.58,38.03,41.69,41.12,40.72,36.23
115,MA Butcher,61,caught,3,West Indies,34.9,3909,112,2004,1,34.2,39.11,39.38,40.85,41.83,41.57,36.66
116,MA Butcher,46,not out,3,West Indies,35.31,3955,112,2004,0,42.44,42.78,42.29,39.89,42.31,42.88,37.25
117,MA Butcher,5,caught,3,West Indies,35.04,3960,113,2004,1,38.33,39.17,42.14,39.26,42.42,42.23,37.3
118,MA Butcher,13,not out,3,West Indies,35.16,3973,113,2004,0,38.38,36.0,44.19,40.19,42.87,42.46,37.83
119,MA Butcher,52,bowled,3,West Indies,35.31,4025,114,2004,1,38.12,38.59,45.19,40.16,42.98,43.2,37.57
120,MA Butcher,61,caught,3,West Indies,35.53,4086,115,2004,1,45.25,37.65,47.22,41.38,43.0,43.58,38.09
121,MA Butcher,26,caught,3,New Zealand,35.45,4112,116,2004,1,47.75,35.59,43.59,40.95,43.55,43.4,37.58
122,MA Butcher,6,caught,3,New Zealand,35.2,4118,117,2004,1,45.62,34.06,42.56,39.65,42.94,42.86,37.41
123,MA Butcher,4,lbw,3,New Zealand,34.93,4122,118,2004,1,41.5,31.28,37.63,38.3,42.66,42.6,36.23
124,MA Butcher,5,not out,3,New Zealand,34.97,4127,118,2004,0,39.86,33.41,37.46,38.39,41.41,42.05,36.28
125,MA Butcher,5,caught,3,New Zealand,34.72,4132,119,2004,1,31.86,33.24,37.15,37.92,39.48,41.92,36.22
126,MA Butcher,59,lbw,3,New Zealand,34.92,4191,120,2004,1,29.5,36.35,38.69,39.44,38.09,42.83,36.69
127,MA Butcher,79,caught,3,South Africa,35.29,4270,121,2004,1,38.75,38.53,39.04,41.39,39.17,43.33,36.3
128,MA Butcher,0,caught,3,South Africa,35.0,4270,122,2004,1,33.0,35.53,34.96,41.39,38.78,40.0,35.87
129,MA Butcher,5,bowled,3,South Africa,34.76,4275,123,2004,1,27.78,32.65,34.85,40.83,37.74,39.69,35.93
130,MA Butcher,13,caught,3,South Africa,34.58,4288,124,2004,1,22.44,33.18,32.38,41.03,37.67,39.68,36.05
