,Name,Runs,Dismissal,Pos,Opposition,Ave,RunTally,DisTally,Date,Out,rolling10,rolling20,rolling30,rolling40,rolling50,rolling70,rolling100
0,MD Crowe,9,run out,6,Australia,9.0,9,1,1982,1,,,,,,,
1,MD Crowe,2,caught,6,Australia,5.5,11,2,1982,1,,,,,,,
2,MD Crowe,0,caught,6,Australia,3.67,11,3,1982,1,,,,,,,
3,MD Crowe,9,bowled,6,Australia,5.0,20,4,1982,1,,,,,,,
4,MD Crowe,0,bowled,5,England,4.0,20,5,1983,1,,,,,,,
5,MD Crowe,33,caught,5,England,8.83,53,6,1983,1,,,,,,,
6,MD Crowe,37,lbw,4,England,12.86,90,7,1983,1,,,,,,,
7,MD Crowe,1,caught,4,England,11.38,91,8,1983,1,,,,,,,
8,MD Crowe,46,bowled,4,England,15.22,137,9,1983,1,,,,,,,
9,MD Crowe,12,caught,4,England,14.9,149,10,1983,1,14.9,,,,,,
10,MD Crowe,34,caught,8,England,16.64,183,11,1983,1,17.4,,,,,,
11,MD Crowe,0,caught,4,England,15.25,183,12,1983,1,17.2,,,,,,
12,MD Crowe,13,bowled,4,England,15.08,196,13,1984,1,18.5,,,,,,
13,MD Crowe,100,caught,4,England,21.14,296,14,1984,1,27.6,,,,,,
14,MD Crowe,19,caught,4,England,21.0,315,15,1984,1,29.5,,,,,,
15,MD Crowe,16,caught,4,England,20.69,331,16,1984,1,27.8,,,,,,
16,MD Crowe,26,caught,4,Sri Lanka,21.0,357,17,1984,1,26.7,,,,,,
17,MD Crowe,8,stumped,5,Sri Lanka,20.28,365,18,1984,1,27.4,,,,,,
18,MD Crowe,0,caught,8,Sri Lanka,19.21,365,19,1984,1,22.8,,,,,,
19,MD Crowe,19,not out,5,Sri Lanka,20.21,384,19,1984,0,26.11,20.21,,,,,
20,MD Crowe,45,caught,4,Sri Lanka,21.45,429,20,1984,1,27.33,22.11,,,,,
21,MD Crowe,55,caught,3,Pakistan,23.05,484,21,1984,1,33.44,24.89,,,,,
22,MD Crowe,33,caught,3,Pakistan,23.5,517,22,1984,1,35.67,26.63,,,,,
23,MD Crowe,19,bowled,3,Pakistan,23.3,536,23,1984,1,26.67,27.16,,,,,
24,MD Crowe,21,stumped,4,Pakistan,23.21,557,24,1984,1,26.89,28.26,,,,,
25,MD Crowe,45,lbw,4,Pakistan,24.08,602,25,1984,1,30.11,28.89,,,,,
26,MD Crowe,37,caught,4,Pakistan,24.58,639,26,1985,1,31.33,28.89,,,,,
27,MD Crowe,33,caught,4,Pakistan,24.89,672,27,1985,1,34.11,30.58,,,,,
28,MD Crowe,84,caught,4,Pakistan,27.0,756,28,1985,1,43.44,32.58,,,,,
29,MD Crowe,57,caught,4,Pakistan,28.03,813,29,1985,1,42.9,34.95,28.03,,,,
30,MD Crowe,84,caught,4,Pakistan,29.9,897,30,1985,1,46.8,37.58,30.62,,,,
31,MD Crowe,3,lbw,4,West Indies,29.03,900,31,1985,1,41.6,37.74,30.66,,,,
32,MD Crowe,2,caught,4,West Indies,28.19,902,32,1985,1,38.5,37.16,30.72,,,,
33,MD Crowe,188,lbw,4,West Indies,33.03,1090,33,1985,1,55.4,41.79,36.9,,,,
34,MD Crowe,14,other,4,West Indies,32.47,1104,34,1985,1,54.7,41.53,37.38,,,,
35,MD Crowe,2,caught,4,West Indies,31.6,1106,35,1985,1,50.4,40.79,36.31,,,,
36,MD Crowe,6,caught,4,West Indies,30.89,1112,36,1985,1,47.3,39.74,35.24,,,,
37,MD Crowe,1,caught,4,West Indies,30.08,1113,37,1985,1,44.1,39.37,35.24,,,,
38,MD Crowe,188,bowled,4,Australia,34.24,1301,38,1985,1,54.5,49.26,40.14,,,,
39,MD Crowe,8,run out,4,Australia,33.56,1309,39,1985,1,49.6,46.25,40.0,33.56,,,
40,MD Crowe,0,bowled,4,Australia,32.72,1309,40,1985,1,41.2,44.0,38.83,33.33,,,
41,MD Crowe,71,lbw,4,Australia,33.66,1380,41,1985,1,48.0,44.8,41.28,35.1,,,
42,MD Crowe,42,not out,4,Australia,34.68,1422,41,1985,0,57.78,47.63,43.79,37.13,,,
43,MD Crowe,19,bowled,5,Australia,34.31,1441,42,1986,1,39.0,47.63,40.89,37.39,,,
44,MD Crowe,137,caught,4,Australia,36.7,1578,43,1986,1,52.67,53.74,45.11,41.0,,,
45,MD Crowe,0,lbw,4,Australia,35.86,1578,44,1986,1,52.44,51.37,44.54,40.13,,,
46,MD Crowe,23,not out,4,Australia,36.39,1601,44,1986,0,61.12,53.44,46.07,40.84,,,
47,MD Crowe,106,caught,4,England,37.93,1707,45,1986,1,74.25,57.5,49.7,43.68,,,
48,MD Crowe,11,not out,4,England,38.18,1718,45,1986,0,59.57,56.59,52.04,43.92,,,
49,MD Crowe,28,caught,4,England,37.96,1746,46,1986,1,62.43,54.88,50.44,44.36,37.96,,
50,MD Crowe,48,not out,3,England,39.0,1794,46,1986,0,80.83,56.06,52.5,46.03,39.67,,
51,MD Crowe,13,lbw,4,England,38.45,1807,47,1986,1,71.17,56.69,50.88,46.4,39.91,,
52,MD Crowe,3,lbw,4,West Indies,37.71,1810,48,1987,1,55.43,56.75,49.73,46.11,39.98,,
53,MD Crowe,119,caught,4,West Indies,39.37,1929,49,1987,1,69.71,52.44,53.58,46.66,42.42,,
54,MD Crowe,10,caught,4,West Indies,38.78,1939,50,1987,1,51.57,52.19,53.15,46.4,42.64,,
55,MD Crowe,104,caught,4,West Indies,40.06,2043,51,1987,1,66.43,58.56,55.42,48.91,44.22,,
56,MD Crowe,83,bowled,4,West Indies,40.88,2126,52,1987,1,65.62,63.38,57.19,50.54,45.24,,
57,MD Crowe,9,not out,4,West Indies,41.06,2135,52,1987,0,61.14,68.13,58.52,52.06,46.45,,
58,MD Crowe,27,caught,4,Sri Lanka,40.79,2162,53,1987,1,55.5,57.4,56.24,52.85,46.02,,
59,MD Crowe,67,caught,4,Australia,41.28,2229,54,1987,1,60.38,61.33,56.64,52.71,47.27,,
60,MD Crowe,23,caught,4,Australia,40.95,2252,55,1987,1,50.89,62.87,54.2,52.09,47.02,,
61,MD Crowe,137,caught,4,Australia,42.66,2389,56,1987,1,64.67,67.27,59.56,54.43,50.14,,
62,MD Crowe,8,caught,4,Australia,42.05,2397,57,1987,1,65.22,60.94,59.8,53.71,50.02,,
63,MD Crowe,82,caught,4,Australia,42.74,2479,58,1987,1,61.11,64.88,55.56,55.51,49.61,,
64,MD Crowe,79,caught,4,Australia,43.36,2558,59,1987,1,68.78,61.25,58.16,57.17,50.98,,
65,MD Crowe,5,caught,4,England,42.72,2563,60,1988,1,57.78,61.56,58.28,56.03,50.73,,
66,MD Crowe,6,caught,4,England,42.11,2569,61,1988,1,49.22,56.94,58.28,55.14,50.27,,
67,MD Crowe,36,caught,4,England,42.02,2605,62,1988,1,47.0,52.82,59.68,55.23,50.91,,
68,MD Crowe,26,lbw,4,England,41.76,2631,63,1988,1,46.9,50.72,53.2,53.57,51.5,,
69,MD Crowe,143,lbw,4,England,43.34,2774,64,1988,1,54.5,57.11,58.6,56.03,53.11,43.34,
70,MD Crowe,174,caught,4,Pakistan,45.35,2948,65,1989,1,69.6,60.74,65.56,58.6,55.98,45.92,
71,MD Crowe,0,lbw,4,Pakistan,44.67,2948,66,1989,1,55.9,60.05,62.72,58.51,54.76,45.89,
72,MD Crowe,78,caught,4,Pakistan,45.16,3026,67,1989,1,62.9,64.0,61.69,60.69,55.76,47.11,
73,MD Crowe,9,not out,4,Pakistan,45.3,3035,67,1989,0,61.78,61.44,63.76,57.21,56.8,47.86,
74,MD Crowe,62,lbw,4,Australia,45.54,3097,68,1989,1,59.89,64.33,60.76,58.62,57.73,48.84,
75,MD Crowe,30,caught,4,Australia,45.32,3127,69,1989,1,62.67,60.22,61.96,59.44,57.39,48.79,
76,MD Crowe,24,lbw,4,India,45.01,3151,70,1990,1,64.67,56.94,59.62,59.97,57.09,48.59,
77,MD Crowe,24,caught,4,India,44.72,3175,71,1990,1,63.33,54.74,56.46,60.65,56.89,48.95,
78,MD Crowe,113,lbw,4,India,45.67,3288,72,1990,1,73.0,59.26,58.15,58.44,57.55,50.02,
79,MD Crowe,59,bowled,4,England,45.85,3347,73,1990,1,63.67,58.84,59.3,59.94,57.59,50.76,
80,MD Crowe,1,caught,4,England,45.24,3348,74,1990,1,44.44,57.68,55.5,59.97,55.7,50.24,
81,MD Crowe,11,lbw,4,England,44.79,3359,75,1990,1,45.67,51.05,55.43,58.21,55.89,50.41,
82,MD Crowe,25,lbw,4,England,44.53,3384,76,1990,1,39.78,51.95,56.21,56.06,56.41,50.6,
83,MD Crowe,7,caught,4,Pakistan,44.04,3391,77,1990,1,35.6,48.0,52.21,55.71,52.3,49.13,
84,MD Crowe,68,not out,4,Pakistan,44.92,3459,77,1990,0,40.22,50.06,56.3,55.32,54.77,50.71,
85,MD Crowe,20,caught,4,Pakistan,44.6,3479,78,1990,1,39.11,50.89,53.19,55.91,55.19,50.77,
86,MD Crowe,108,not out,4,Pakistan,45.99,3587,78,1990,0,54.5,59.88,56.19,58.41,58.93,52.95,
87,MD Crowe,31,caught,4,Pakistan,45.8,3618,79,1990,1,55.38,59.59,54.93,56.21,59.64,53.33,
88,MD Crowe,10,caught,5,Pakistan,45.35,3628,80,1990,1,42.5,58.65,54.3,54.57,55.4,53.49,
89,MD Crowe,30,caught,4,Sri Lanka,45.16,3658,81,1991,1,38.88,52.0,52.93,54.63,55.93,52.81,
90,MD Crowe,299,caught,4,Sri Lanka,48.26,3957,82,1991,1,76.12,59.35,63.15,60.08,63.05,56.9,
91,MD Crowe,36,caught,4,Sri Lanka,48.11,3993,83,1991,1,79.25,61.47,59.41,60.72,62.21,56.6,
92,MD Crowe,20,caught,7,England,47.77,4013,84,1992,1,78.62,58.06,59.85,61.19,60.26,56.39,
93,MD Crowe,48,caught,5,England,47.78,4061,85,1992,1,83.75,57.0,58.59,59.22,60.93,56.85,
94,MD Crowe,45,caught,4,England,47.74,4106,86,1992,1,71.89,56.06,57.33,60.19,58.79,57.24,
95,MD Crowe,56,caught,4,England,47.84,4162,87,1992,1,75.89,57.5,59.22,58.86,60.09,57.42,
96,MD Crowe,30,bowled,4,England,47.64,4192,88,1992,1,60.5,57.83,60.11,57.39,58.89,57.31,
97,MD Crowe,13,not out,3,England,47.78,4205,88,1992,0,65.22,60.59,61.54,57.5,58.09,57.92,
98,MD Crowe,42,caught,4,Zimbabwe,47.72,4247,89,1992,1,68.78,56.41,62.15,57.92,57.48,57.23,
99,MD Crowe,6,caught,5,Zimbabwe,47.26,4253,90,1992,1,66.11,53.29,56.88,56.22,56.98,56.39,47.26
100,MD Crowe,140,caught,4,Zimbabwe,48.27,4393,91,1992,1,48.44,61.47,55.58,59.47,57.76,57.31,48.71
101,MD Crowe,61,lbw,4,Zimbabwe,48.41,4454,92,1992,1,51.22,64.41,57.92,57.36,58.82,58.26,49.37
102,MD Crowe,19,caught,4,Sri Lanka,48.1,4473,93,1992,1,51.11,64.06,55.65,57.67,59.18,58.54,49.58
103,MD Crowe,11,caught,4,Sri Lanka,47.7,4484,94,1992,1,47.0,64.29,53.67,55.69,56.78,55.64,49.6
104,MD Crowe,0,bowled,4,Sri Lanka,47.2,4484,95,1992,1,42.0,56.94,51.37,53.5,56.56,55.41,49.6
105,MD Crowe,107,caught,4,Sri Lanka,47.82,4591,96,1992,1,47.67,61.78,54.22,56.33,56.62,57.13,50.42
106,MD Crowe,15,caught,4,Australia,47.48,4606,97,1993,1,46.0,53.63,53.89,56.58,55.11,57.28,50.18
107,MD Crowe,14,lbw,4,Australia,47.14,4620,98,1993,1,41.5,52.74,53.52,55.97,54.02,57.49,50.32
108,MD Crowe,98,bowled,4,Australia,47.66,4718,99,1993,1,47.1,57.37,52.96,57.97,55.57,56.02,50.9
109,MD Crowe,3,lbw,3,Australia,47.21,4721,100,1993,1,46.8,55.95,50.89,54.08,54.17,55.93,50.8
110,MD Crowe,31,caught,4,Australia,47.05,4752,101,1993,1,35.9,41.84,52.0,50.11,54.35,56.44,50.77
111,MD Crowe,25,caught,4,Australia,46.83,4777,102,1993,1,32.3,41.26,52.52,50.81,51.91,55.69,51.04
112,MD Crowe,42,caught,4,Australia,46.79,4819,103,1993,1,34.6,42.42,53.15,49.81,52.65,54.79,51.37
113,MD Crowe,31,not out,4,Australia,47.09,4850,103,1993,0,40.67,43.83,56.12,50.42,52.69,55.89,51.17
114,MD Crowe,16,caught,4,England,46.79,4866,104,1994,1,42.44,42.22,52.11,49.14,51.29,53.9,51.13
115,MD Crowe,28,lbw,4,England,46.61,4894,105,1994,1,33.67,40.67,52.41,49.08,51.8,54.36,51.27
116,MD Crowe,142,caught,4,England,47.51,5036,106,1994,1,47.78,46.89,51.75,52.36,54.82,55.4,52.57
117,MD Crowe,9,bowled,4,England,47.15,5045,107,1994,1,47.22,44.21,50.96,51.94,54.22,53.84,52.58
118,MD Crowe,70,caught,5,England,47.36,5115,108,1994,1,44.11,45.68,53.11,50.75,55.2,53.92,53.37
119,MD Crowe,115,caught,5,England,47.98,5230,109,1994,1,56.56,51.42,56.14,52.31,54.58,55.3,53.84
120,MD Crowe,83,lbw,4,South Africa,48.3,5313,110,1994,1,62.33,48.42,48.43,54.58,52.56,54.98,54.27
121,MD Crowe,0,bowled,4,South Africa,47.86,5313,111,1994,1,59.56,45.21,47.14,54.28,52.56,54.78,53.66
122,MD Crowe,18,caught,4,South Africa,47.6,5331,112,1994,1,56.89,45.16,47.07,54.08,51.22,55.02,53.49
123,MD Crowe,10,caught,4,South Africa,47.27,5341,113,1994,1,49.1,45.11,45.71,54.17,50.13,53.31,53.39
124,MD Crowe,18,caught,4,South Africa,47.01,5359,114,1995,1,49.3,46.05,44.75,51.35,49.17,53.44,53.36
125,MD Crowe,5,caught,4,South Africa,46.64,5364,115,1995,1,47.0,40.68,42.93,50.95,48.63,51.89,52.91
126,MD Crowe,16,caught,3,South Africa,46.38,5380,116,1995,1,34.4,40.74,42.43,47.18,48.46,50.84,52.68
127,MD Crowe,14,caught,3,South Africa,46.1,5394,117,1995,1,34.9,40.74,41.0,46.74,48.24,50.14,52.47
128,MD Crowe,11,caught,4,India,45.81,5405,118,1995,1,29.0,36.16,39.93,46.76,46.02,49.89,51.66
129,MD Crowe,24,lbw,4,India,45.62,5429,119,1995,1,19.9,37.26,40.55,46.61,45.26,49.23,51.29
130,MD Crowe,15,caught,4,India,45.37,5444,120,1995,1,13.1,36.42,36.24,39.13,45.57,49.11,50.52
